known prime count = 148933
known prime max   = 1999993

2 []
3 []
5 []
7 []
11 []
13 []
17 []
19 []
23 []
29 []
31 []
37 []
41 []
43 []
47 []
53 []
59 []
61 []
67 []
71 []
73 []
79 []
83 []
89 []
97 []
101 []
103 []
107 []
109 []
113 []
127 []
131 []
137 []
139 []
149 []
151 []
157 []
163 []
167 []
173 []
179 []
181 []
191 []
193 []
197 []
199 []
211 []
223 []
227 []
229 []
233 []
239 []
241 []
251 []
257 []
263 []
269 []
271 []
277 []
281 []
283 []
293 []
307 []
311 []
313 []
317 []
331 []
337 []
347 []
349 []
353 []
359 []
367 []
373 []
379 []
383 []
389 []
397 []
401 []
409 []
419 []
421 []
431 []
433 []
439 []
443 []
449 []
457 []
461 []
463 []
467 []
479 []
487 []
491 []
499 []
503 []
509 []
521 []
523 []
541 []
547 []
557 []
563 []
569 []
571 []
577 []
587 []
593 []
599 []
601 []
607 []
613 []
617 []
619 []
631 []
641 []
643 []
647 []
653 []
659 []
661 []
673 []
677 []
683 []
691 []
701 []
709 []
719 []
727 []
733 []
739 []
743 []
751 []
757 []
761 []
769 []
773 []
787 []
797 []
809 []
811 []
821 []
823 []
827 []
829 []
839 []
853 []
857 []
859 []
863 []
877 []
881 []
883 []
887 []
907 []
911 []
919 []
929 []
937 []
941 []
947 []
953 []
967 []
971 []
977 []
983 []
991 []
997 []
1009 []
1013 []
1019 []
1021 []
1031 []
1033 []
1039 []
1049 []
1051 []
1061 []
1063 []
1069 []
1087 []
1091 []
1093 []
1097 []
1103 []
1109 []
1117 []
1123 []
1129 []
1151 []
1153 []
1163 []
1171 []
1181 []
1187 []
1193 []
1201 []
1213 []
1217 []
1223 []
1229 []
1231 []
1237 []
1249 []
1259 []
1277 []
1279 []
1283 []
1289 []
1291 []
1297 []
1301 []
1303 []
1307 []
1319 []
1321 []
1327 []
1361 []
1367 []
1373 []
1381 []
1399 []
1409 []
1423 []
1427 []
1429 []
1433 []
1439 []
1447 []
1451 []
1453 []
1459 []
1471 []
1481 []
1483 []
1487 []
1489 []
1493 []
1499 []
1511 []
1523 []
1531 []
1543 []
1549 []
1553 []
1559 []
1567 []
1571 []
1579 []
1583 []
1597 []
1601 []
1607 []
1609 []
1613 []
1619 []
1621 []
1627 []
1637 []
1657 []
1663 []
1667 []
1669 []
1693 []
1697 []
1699 []
1709 []
1721 []
1723 []
1733 []
1741 []
1747 []
1753 []
1759 []
1777 []
1783 []
1787 []
1789 []
1801 []
1811 []
1823 []
1831 []
1847 []
1861 []
1867 []
1871 []
1873 []
1877 []
1879 []
1889 []
1901 []
1907 []
1913 []
1931 []
1933 []
1949 []
1951 []
1973 []
1979 []
1987 []
1993 []
1997 []
1999 []
2003 []
2011 []
2017 []
2027 []
2029 []
2039 []
2053 []
2063 []
2069 []
2081 []
2083 []
2087 []
2089 []
2099 []
2111 []
2113 []
2129 []
2131 []
2137 []
2141 []
2143 []
2153 []
2161 []
2179 []
2203 []
2207 []
2213 []
2221 []
2237 []
2239 []
2243 []
2251 []
2267 []
2269 []
2273 []
2281 []
2287 []
2293 []
2297 []
2309 []
2311 []
2333 []
2339 []
2341 []
2347 []
2351 []
2357 []
2371 []
2377 []
2381 []
2383 []
2389 []
2393 []
2399 []
2411 []
2417 []
2423 []
2437 []
2441 []
2447 []
2459 []
2467 []
2473 []
2477 []
2503 []
2521 []
2531 []
2539 []
2543 []
2549 []
2551 []
2557 []
2579 []
2591 []
2593 []
2609 []
2617 []
2621 []
2633 []
2647 []
2657 []
2659 []
2663 []
2671 []
2677 []
2683 []
2687 []
2689 []
2693 []
2699 []
2707 []
2711 []
2713 []
2719 []
2729 []
2731 []
2741 []
2749 []
2753 []
2767 []
2777 []
2789 []
2791 []
2797 []
2801 []
2803 []
2819 []
2833 []
2837 []
2843 []
2851 []
2857 []
2861 []
2879 []
2887 []
2897 []
2903 []
2909 []
2917 []
2927 []
2939 []
2953 []
2957 []
2963 []
2969 []
2971 []
2999 []
3001 []
3011 []
3019 []
3023 []
3037 []
3041 []
3049 []
3061 []
3067 []
3079 []
3083 []
3089 []
3109 []
3119 []
3121 []
3137 []
3163 []
3167 []
3169 []
3181 []
3187 []
3191 []
3203 []
3209 []
3217 []
3221 []
3229 []
3251 []
3253 []
3257 []
3259 []
3271 []
3299 []
3301 []
3307 []
3313 []
3319 []
3323 []
3329 []
3331 []
3343 []
3347 []
3359 []
3361 []
3371 []
3373 []
3389 []
3391 []
3407 []
3413 []
3433 []
3449 []
3457 []
3461 []
3463 []
3467 []
3469 []
3491 []
3499 []
3511 []
3517 []
3527 []
3529 []
3533 []
3539 []
3541 []
3547 []
3557 []
3559 []
3571 []
3581 []
3583 []
3593 []
3607 []
3613 []
3617 []
3623 []
3631 []
3637 []
3643 []
3659 []
3671 []
3673 []
3677 []
3691 []
3697 []
3701 []
3709 []
3719 []
3727 []
3733 []
3739 []
3761 []
3767 []
3769 []
3779 []
3793 []
3797 []
3803 []
3821 []
3823 []
3833 []
3847 []
3851 []
3853 []
3863 []
3877 []
3881 []
3889 []
3907 []
3911 []
3917 []
3919 []
3923 []
3929 []
3931 []
3943 []
3947 []
3967 []
3989 []
4001 []
4003 []
4007 []
4013 []
4019 []
4021 []
4027 []
4049 []
4051 []
4057 []
4073 []
4079 []
4091 []
4093 []
4099 []
4111 []
4127 []
4129 []
4133 []
4139 []
4153 []
4157 []
4159 []
4177 []
4201 []
4211 []
4217 []
4219 []
4229 []
4231 []
4241 []
4243 []
4253 []
4259 []
4261 []
4271 []
4273 []
4283 []
4289 []
4297 []
4327 []
4337 []
4339 []
4349 []
4357 []
4363 []
4373 []
4391 []
4397 []
4409 []
4421 []
4423 []
4441 []
4447 []
4451 []
4457 []
4463 []
4481 []
4483 []
4493 []
4507 []
4513 []
4517 []
4519 []
4523 []
4547 []
4549 []
4561 []
4567 []
4583 []
4591 []
4597 []
4603 []
4621 []
4637 []
4639 []
4643 []
4649 []
4651 []
4657 []
4663 []
4673 []
4679 []
4691 []
4703 []
4721 []
4723 []
4729 []
4733 []
4751 []
4759 []
4783 []
4787 []
4789 []
4793 []
4799 []
4801 []
4813 []
4817 []
4831 []
4861 []
4871 []
4877 []
4889 []
4903 []
4909 []
4919 []
4931 []
4933 []
4937 []
4943 []
4951 []
4957 []
4967 []
4969 []
4973 []
4987 []
4993 []
4999 []
5003 []
5009 []
5011 []
5021 []
5023 []
5039 []
5051 []
5059 []
5077 []
5081 []
5087 []
5099 []
5101 []
5107 []
5113 []
5119 []
5147 []
5153 []
5167 []
5171 []
5179 []
5189 []
5197 []
5209 []
5227 []
5231 []
5233 []
5237 []
5261 []
5273 []
5279 []
5281 []
5297 []
5303 []
5309 []
5323 []
5333 []
5347 []
5351 []
5381 []
5387 []
5393 []
5399 []
5407 []
5413 []
5417 []
5419 []
5431 []
5437 []
5441 []
5443 []
5449 []
5471 []
5477 []
5479 []
5483 []
5501 []
5503 []
5507 []
5519 []
5521 []
5527 []
5531 []
5557 []
5563 []
5569 []
5573 []
5581 []
5591 []
5623 []
5639 []
5641 []
5647 []
5651 []
5653 []
5657 []
5659 []
5669 []
5683 []
5689 []
5693 []
5701 []
5711 []
5717 []
5737 []
5741 []
5743 []
5749 []
5779 []
5783 []
5791 []
5801 []
5807 []
5813 []
5821 []
5827 []
5839 []
5843 []
5849 []
5851 []
5857 []
5861 []
5867 []
5869 []
5879 []
5881 []
5897 []
5903 []
5923 []
5927 []
5939 []
5953 []
5981 []
5987 []
6007 []
6011 []
6029 []
6037 []
6043 []
6047 []
6053 []
6067 []
6073 []
6079 []
6089 []
6091 []
6101 []
6113 []
6121 []
6131 []
6133 []
6143 []
6151 []
6163 []
6173 []
6197 []
6199 []
6203 []
6211 []
6217 []
6221 []
6229 []
6247 []
6257 []
6263 []
6269 []
6271 []
6277 []
6287 []
6299 []
6301 []
6311 []
6317 []
6323 []
6329 []
6337 []
6343 []
6353 []
6359 []
6361 []
6367 []
6373 []
6379 []
6389 []
6397 []
6421 []
6427 []
6449 []
6451 []
6469 []
6473 []
6481 []
6491 []
6521 []
6529 []
6547 []
6551 []
6553 []
6563 []
6569 []
6571 []
6577 []
6581 []
6599 []
6607 []
6619 []
6637 []
6653 []
6659 []
6661 []
6673 []
6679 []
6689 []
6691 []
6701 []
6703 []
6709 []
6719 []
6733 []
6737 []
6761 []
6763 []
6779 []
6781 []
6791 []
6793 []
6803 []
6823 []
6827 []
6829 []
6833 []
6841 []
6857 []
6863 []
6869 []
6871 []
6883 []
6899 []
6907 []
6911 []
6917 []
6947 []
6949 []
6959 []
6961 []
6967 []
6971 []
6977 []
6983 []
6991 []
6997 []
7001 []
7013 []
7019 []
7027 []
7039 []
7043 []
7057 []
7069 []
7079 []
7103 []
7109 []
7121 []
7127 []
7129 []
7151 []
7159 []
7177 []
7187 []
7193 []
7207 []
7211 []
7213 []
7219 []
7229 []
7237 []
7243 []
7247 []
7253 []
7283 []
7297 []
7307 []
7309 []
7321 []
7331 []
7333 []
7349 []
7351 []
7369 []
7393 []
7411 []
7417 []
7433 []
7451 []
7457 []
7459 []
7477 []
7481 []
7487 []
7489 []
7499 []
7507 []
7517 []
7523 []
7529 []
7537 []
7541 []
7547 []
7549 []
7559 []
7561 []
7573 []
7577 []
7583 []
7589 []
7591 []
7603 []
7607 []
7621 []
7639 []
7643 []
7649 []
7669 []
7673 []
7681 []
7687 []
7691 []
7699 []
7703 []
7717 []
7723 []
7727 []
7741 []
7753 []
7757 []
7759 []
7789 []
7793 []
7817 []
7823 []
7829 []
7841 []
7853 []
7867 []
7873 []
7877 []
7879 []
7883 []
7901 []
7907 []
7919 []
7927 []
7933 []
7937 []
7949 []
7951 []
7963 []
7993 []
8009 []
8011 []
8017 []
8039 []
8053 []
8059 []
8069 []
8081 []
8087 []
8089 []
8093 []
8101 []
8111 []
8117 []
8123 []
8147 []
8161 []
8167 []
8171 []
8179 []
8191 []
8209 []
8219 []
8221 []
8231 []
8233 []
8237 []
8243 []
8263 []
8269 []
8273 []
8287 []
8291 []
8293 []
8297 []
8311 []
8317 []
8329 []
8353 []
8363 []
8369 []
8377 []
8387 []
8389 [[13, 5197, 5701, 6733, 8389]]
8419 []
8423 []
8429 []
8431 []
8443 []
8447 []
8461 []
8467 []
8501 []
8513 []
8521 []
8527 []
8537 []
8539 []
8543 []
8563 []
8573 []
8581 []
8597 []
8599 []
8609 []
8623 []
8627 []
8629 []
8641 []
8647 []
8663 []
8669 []
8677 []
8681 []
8689 []
8693 []
8699 []
8707 []
8713 []
8719 []
8731 []
8737 []
8741 []
8747 []
8753 []
8761 []
8779 []
8783 []
8803 []
8807 []
8819 []
8821 []
8831 []
8837 []
8839 []
8849 []
8861 []
8863 []
8867 []
8887 []
8893 []
8923 []
8929 []
8933 []
8941 []
8951 []
8963 []
8969 []
8971 []
8999 []
9001 []
9007 []
9011 []
9013 []
9029 []
9041 []
9043 []
9049 []
9059 []
9067 []
9091 []
9103 []
9109 []
9127 []
9133 []
9137 []
9151 []
9157 []
9161 []
9173 []
9181 []
9187 []
9199 []
9203 []
9209 []
9221 []
9227 []
9239 []
9241 []
9257 []
9277 []
9281 []
9283 []
9293 []
9311 []
9319 []
9323 []
9337 []
9341 []
9343 []
9349 []
9371 []
9377 []
9391 []
9397 []
9403 []
9413 []
9419 []
9421 []
9431 []
9433 []
9437 []
9439 []
9461 []
9463 []
9467 []
9473 []
9479 []
9491 []
9497 []
9511 []
9521 []
9533 []
9539 []
9547 []
9551 []
9587 []
9601 []
9613 []
9619 []
9623 []
9629 []
9631 []
9643 []
9649 []
9661 []
9677 []
9679 []
9689 []
9697 []
9719 []
9721 []
9733 []
9739 []
9743 []
9749 []
9767 []
9769 []
9781 []
9787 []
9791 []
9803 []
9811 []
9817 []
9829 []
9833 []
9839 []
9851 []
9857 []
9859 []
9871 []
9883 []
9887 []
9901 []
9907 []
9923 []
9929 []
9931 []
9941 []
9949 []
9967 []
9973 []
10007 []
10009 []
10037 []
10039 []
10061 []
10067 []
10069 []
10079 []
10091 []
10093 []
10099 []
10103 []
10111 []
10133 []
10139 []
10141 []
10151 []
10159 []
10163 []
10169 []
10177 []
10181 []
10193 []
10211 []
10223 []
10243 []
10247 []
10253 []
10259 []
10267 []
10271 []
10273 []
10289 []
10301 []
10303 []
10313 []
10321 []
10331 []
10333 []
10337 []
10343 []
10357 []
10369 []
10391 []
10399 []
10427 []
10429 []
10433 []
10453 []
10457 []
10459 []
10463 []
10477 []
10487 []
10499 []
10501 []
10513 []
10529 []
10531 []
10559 []
10567 []
10589 []
10597 []
10601 []
10607 []
10613 []
10627 []
10631 []
10639 []
10651 []
10657 []
10663 []
10667 []
10687 []
10691 []
10709 []
10711 []
10723 []
10729 []
10733 []
10739 []
10753 []
10771 []
10781 []
10789 []
10799 []
10831 []
10837 []
10847 []
10853 []
10859 []
10861 []
10867 []
10883 []
10889 []
10891 []
10903 []
10909 []
10937 []
10939 []
10949 []
10957 []
10973 []
10979 []
10987 []
10993 []
11003 []
11027 []
11047 []
11057 []
11059 []
11069 []
11071 []
11083 []
11087 []
11093 []
11113 []
11117 []
11119 []
11131 []
11149 []
11159 []
11161 []
11171 []
11173 []
11177 []
11197 []
11213 []
11239 []
11243 []
11251 []
11257 []
11261 []
11273 []
11279 []
11287 []
11299 []
11311 []
11317 []
11321 []
11329 []
11351 []
11353 []
11369 []
11383 []
11393 []
11399 []
11411 []
11423 []
11437 []
11443 []
11447 []
11467 []
11471 []
11483 []
11489 []
11491 []
11497 []
11503 []
11519 []
11527 []
11549 []
11551 []
11579 []
11587 []
11593 []
11597 []
11617 []
11621 []
11633 []
11657 []
11677 []
11681 []
11689 []
11699 []
11701 []
11717 []
11719 []
11731 []
11743 []
11777 []
11779 []
11783 []
11789 []
11801 []
11807 []
11813 []
11821 []
11827 []
11831 []
11833 []
11839 []
11863 []
11867 []
11887 []
11897 []
11903 []
11909 []
11923 []
11927 []
11933 []
11939 []
11941 []
11953 []
11959 []
11969 []
11971 []
11981 []
11987 []
12007 []
12011 []
12037 []
12041 []
12043 []
12049 []
12071 []
12073 []
12097 []
12101 []
12107 []
12109 []
12113 []
12119 []
12143 []
12149 []
12157 []
12161 []
12163 []
12197 []
12203 []
12211 []
12227 []
12239 []
12241 []
12251 []
12253 []
12263 []
12269 []
12277 []
12281 []
12289 []
12301 []
12323 []
12329 []
12343 []
12347 []
12373 []
12377 []
12379 []
12391 []
12401 []
12409 []
12413 []
12421 []
12433 []
12437 []
12451 []
12457 []
12473 []
12479 []
12487 []
12491 []
12497 []
12503 []
12511 []
12517 []
12527 []
12539 []
12541 []
12547 []
12553 []
12569 []
12577 []
12583 []
12589 []
12601 []
12611 []
12613 []
12619 []
12637 []
12641 []
12647 []
12653 []
12659 []
12671 []
12689 []
12697 []
12703 []
12713 []
12721 []
12739 []
12743 []
12757 []
12763 []
12781 []
12791 []
12799 []
12809 []
12821 []
12823 []
12829 []
12841 []
12853 []
12889 []
12893 []
12899 []
12907 []
12911 []
12917 []
12919 []
12923 []
12941 []
12953 []
12959 []
12967 []
12973 []
12979 []
12983 []
13001 []
13003 []
13007 []
13009 []
13033 []
13037 []
13043 []
13049 []
13063 []
13093 []
13099 []
13103 []
13109 []
13121 []
13127 []
13147 []
13151 []
13159 []
13163 []
13171 []
13177 []
13183 []
13187 []
13217 []
13219 []
13229 []
13241 []
13249 []
13259 []
13267 []
13291 []
13297 []
13309 []
13313 []
13327 []
13331 []
13337 []
13339 []
13367 []
13381 []
13397 []
13399 []
13411 []
13417 []
13421 []
13441 []
13451 []
13457 []
13463 []
13469 []
13477 []
13487 []
13499 []
13513 []
13523 []
13537 []
13553 []
13567 []
13577 []
13591 []
13597 []
13613 []
13619 []
13627 []
13633 []
13649 []
13669 []
13679 []
13681 []
13687 []
13691 []
13693 []
13697 []
13709 []
13711 []
13721 []
13723 []
13729 []
13751 []
13757 []
13759 []
13763 []
13781 []
13789 []
13799 []
13807 []
13829 []
13831 []
13841 []
13859 []
13873 []
13877 []
13879 []
13883 []
13901 []
13903 []
13907 []
13913 []
13921 []
13931 []
13933 []
13963 []
13967 []
13997 []
13999 []
14009 []
14011 []
14029 []
14033 []
14051 []
14057 []
14071 []
14081 []
14083 []
14087 []
14107 []
14143 []
14149 []
14153 []
14159 []
14173 []
14177 []
14197 []
14207 []
14221 []
14243 []
14249 []
14251 []
14281 []
14293 []
14303 []
14321 []
14323 []
14327 []
14341 []
14347 []
14369 []
14387 []
14389 []
14401 []
14407 []
14411 []
14419 []
14423 []
14431 []
14437 []
14447 []
14449 []
14461 []
14479 []
14489 []
14503 []
14519 []
14533 []
14537 []
14543 []
14549 []
14551 []
14557 []
14561 []
14563 []
14591 []
14593 []
14621 []
14627 []
14629 []
14633 []
14639 []
14653 []
14657 []
14669 []
14683 []
14699 []
14713 []
14717 []
14723 []
14731 []
14737 []
14741 []
14747 []
14753 []
14759 []
14767 []
14771 []
14779 []
14783 []
14797 []
14813 []
14821 []
14827 []
14831 []
14843 []
14851 []
14867 []
14869 []
14879 []
14887 []
14891 []
14897 []
14923 []
14929 []
14939 []
14947 []
14951 []
14957 []
14969 []
14983 []
15013 []
15017 []
15031 []
15053 []
15061 []
15073 []
15077 []
15083 []
15091 []
15101 []
15107 []
15121 []
15131 []
15137 []
15139 []
15149 []
15161 []
15173 []
15187 []
15193 []
15199 []
15217 []
15227 []
15233 []
15241 []
15259 []
15263 []
15269 []
15271 []
15277 []
15287 []
15289 []
15299 []
15307 []
15313 []
15319 []
15329 []
15331 []
15349 []
15359 []
15361 []
15373 []
15377 []
15383 []
15391 []
15401 []
15413 []
15427 []
15439 []
15443 []
15451 []
15461 []
15467 []
15473 []
15493 []
15497 []
15511 []
15527 []
15541 []
15551 []
15559 []
15569 []
15581 []
15583 []
15601 []
15607 []
15619 []
15629 []
15641 []
15643 []
15647 []
15649 []
15661 []
15667 []
15671 []
15679 []
15683 []
15727 []
15731 []
15733 []
15737 []
15739 []
15749 []
15761 []
15767 []
15773 []
15787 []
15791 []
15797 []
15803 []
15809 []
15817 []
15823 []
15859 []
15877 []
15881 []
15887 []
15889 []
15901 []
15907 []
15913 []
15919 []
15923 []
15937 []
15959 []
15971 []
15973 []
15991 []
16001 []
16007 []
16033 []
16057 []
16061 []
16063 []
16067 []
16069 []
16073 []
16087 []
16091 []
16097 []
16103 []
16111 []
16127 []
16139 []
16141 []
16183 []
16187 []
16189 []
16193 []
16217 []
16223 []
16229 []
16231 []
16249 []
16253 []
16267 []
16273 []
16301 []
16319 []
16333 []
16339 []
16349 []
16361 []
16363 []
16369 []
16381 []
16411 []
16417 []
16421 []
16427 []
16433 []
16447 []
16451 []
16453 []
16477 []
16481 []
16487 []
16493 []
16519 []
16529 []
16547 []
16553 []
16561 []
16567 []
16573 []
16603 []
16607 []
16619 []
16631 []
16633 []
16649 []
16651 []
16657 []
16661 []
16673 []
16691 []
16693 []
16699 []
16703 []
16729 []
16741 []
16747 []
16759 []
16763 []
16787 []
16811 []
16823 []
16829 []
16831 []
16843 []
16871 []
16879 []
16883 []
16889 []
16901 []
16903 []
16921 []
16927 []
16931 []
16937 []
16943 []
16963 []
16979 []
16981 []
16987 []
16993 []
17011 []
17021 []
17027 []
17029 []
17033 []
17041 []
17047 []
17053 []
17077 []
17093 []
17099 []
17107 []
17117 []
17123 []
17137 []
17159 []
17167 []
17183 []
17189 []
17191 []
17203 []
17207 []
17209 []
17231 []
17239 []
17257 []
17291 []
17293 []
17299 []
17317 []
17321 []
17327 []
17333 []
17341 []
17351 []
17359 []
17377 []
17383 []
17387 []
17389 []
17393 []
17401 []
17417 []
17419 []
17431 []
17443 []
17449 []
17467 []
17471 []
17477 []
17483 []
17489 []
17491 []
17497 []
17509 []
17519 []
17539 []
17551 []
17569 []
17573 []
17579 []
17581 []
17597 []
17599 []
17609 []
17623 []
17627 []
17657 []
17659 []
17669 []
17681 []
17683 []
17707 []
17713 []
17729 []
17737 []
17747 []
17749 []
17761 []
17783 []
17789 []
17791 []
17807 []
17827 []
17837 []
17839 []
17851 []
17863 []
17881 []
17891 []
17903 []
17909 []
17911 []
17921 []
17923 []
17929 []
17939 []
17957 []
17959 []
17971 []
17977 []
17981 []
17987 []
17989 []
18013 []
18041 []
18043 []
18047 []
18049 []
18059 []
18061 []
18077 []
18089 []
18097 []
18119 []
18121 []
18127 []
18131 []
18133 []
18143 []
18149 []
18169 []
18181 []
18191 []
18199 []
18211 []
18217 []
18223 []
18229 []
18233 []
18251 []
18253 []
18257 []
18269 []
18287 []
18289 []
18301 []
18307 []
18311 []
18313 []
18329 []
18341 []
18353 []
18367 []
18371 []
18379 []
18397 []
18401 []
18413 []
18427 []
18433 [[7, 1237, 2341, 12409, 18433]]
18439 []
18443 []
18451 []
18457 []
18461 []
18481 []
18493 []
18503 []
18517 []
18521 []
18523 []
18539 []
18541 []
18553 []
18583 []
18587 []
18593 []
18617 []
18637 []
18661 []
18671 []
18679 []
18691 []
18701 []
18713 []
18719 []
18731 []
18743 []
18749 []
18757 []
18773 []
18787 []
18793 []
18797 []
18803 []
18839 []
18859 []
18869 []
18899 []
18911 []
18913 []
18917 []
18919 []
18947 []
18959 []
18973 []
18979 []
19001 []
19009 []
19013 []
19031 []
19037 []
19051 []
19069 []
19073 []
19079 []
19081 []
19087 []
19121 []
19139 []
19141 []
19157 []
19163 []
19181 []
19183 []
19207 []
19211 []
19213 []
19219 []
19231 []
19237 []
19249 []
19259 []
19267 []
19273 []
19289 []
19301 []
19309 []
19319 []
19333 []
19373 []
19379 []
19381 []
19387 []
19391 []
19403 []
19417 []
19421 []
19423 []
19427 []
19429 []
19433 []
19441 []
19447 []
19457 []
19463 []
19469 []
19471 []
19477 []
19483 []
19489 []
19501 []
19507 []
19531 []
19541 []
19543 []
19553 []
19559 []
19571 []
19577 []
19583 []
19597 []
19603 []
19609 []
19661 []
19681 []
19687 []
19697 []
19699 []
19709 []
19717 []
19727 []
19739 []
19751 []
19753 []
19759 []
19763 []
19777 []
19793 []
19801 []
19813 []
19819 []
19841 []
19843 []
19853 []
19861 []
19867 []
19889 []
19891 []
19913 []
19919 []
19927 []
19937 []
19949 []
19961 []
19963 []
19973 []
19979 []
19991 []
19993 []
19997 []
20011 []
20021 []
20023 []
20029 []
20047 []
20051 []
20063 []
20071 []
20089 []
20101 []
20107 []
20113 []
20117 []
20123 []
20129 []
20143 []
20147 []
20149 []
20161 []
20173 []
20177 []
20183 []
20201 []
20219 []
20231 []
20233 []
20249 []
20261 []
20269 []
20287 []
20297 []
20323 []
20327 []
20333 []
20341 []
20347 []
20353 []
20357 []
20359 []
20369 []
20389 []
20393 []
20399 []
20407 []
20411 []
20431 []
20441 []
20443 []
20477 []
20479 []
20483 []
20507 []
20509 []
20521 []
20533 []
20543 []
20549 []
20551 []
20563 []
20593 []
20599 []
20611 []
20627 []
20639 []
20641 []
20663 []
20681 []
20693 []
20707 []
20717 []
20719 []
20731 []
20743 []
20747 []
20749 []
20753 []
20759 []
20771 []
20773 []
20789 []
20807 []
20809 []
20849 []
20857 []
20873 []
20879 []
20887 []
20897 []
20899 []
20903 []
20921 []
20929 []
20939 []
20947 []
20959 []
20963 []
20981 []
20983 []
21001 []
21011 []
21013 []
21017 []
21019 []
21023 []
21031 []
21059 []
21061 []
21067 []
21089 []
21101 []
21107 []
21121 []
21139 []
21143 []
21149 []
21157 []
21163 []
21169 []
21179 []
21187 []
21191 []
21193 []
21211 []
21221 []
21227 []
21247 []
21269 []
21277 []
21283 []
21313 []
21317 []
21319 []
21323 []
21341 []
21347 []
21377 []
21379 []
21383 []
21391 []
21397 []
21401 []
21407 []
21419 []
21433 []
21467 []
21481 []
21487 []
21491 []
21493 []
21499 []
21503 []
21517 []
21521 []
21523 []
21529 []
21557 []
21559 []
21563 []
21569 []
21577 []
21587 []
21589 []
21599 []
21601 []
21611 []
21613 []
21617 []
21647 []
21649 []
21661 []
21673 []
21683 []
21701 []
21713 []
21727 []
21737 []
21739 []
21751 []
21757 []
21767 []
21773 []
21787 []
21799 []
21803 []
21817 []
21821 []
21839 []
21841 []
21851 []
21859 []
21863 []
21871 []
21881 []
21893 []
21911 []
21929 []
21937 []
21943 []
21961 []
21977 []
21991 []
21997 []
22003 []
22013 []
22027 []
22031 []
22037 []
22039 []
22051 []
22063 []
22067 []
22073 []
22079 []
22091 []
22093 []
22109 []
22111 []
22123 []
22129 []
22133 []
22147 []
22153 []
22157 []
22159 []
22171 []
22189 []
22193 []
22229 []
22247 []
22259 []
22271 []
22273 []
22277 []
22279 []
22283 []
22291 []
22303 []
22307 []
22343 []
22349 []
22367 []
22369 []
22381 []
22391 []
22397 []
22409 []
22433 []
22441 []
22447 []
22453 []
22469 []
22481 []
22483 []
22501 []
22511 []
22531 []
22541 []
22543 []
22549 []
22567 []
22571 []
22573 []
22613 []
22619 []
22621 []
22637 []
22639 []
22643 []
22651 []
22669 []
22679 []
22691 []
22697 []
22699 []
22709 []
22717 []
22721 []
22727 []
22739 []
22741 []
22751 []
22769 []
22777 []
22783 []
22787 []
22807 []
22811 []
22817 []
22853 []
22859 []
22861 []
22871 []
22877 []
22901 []
22907 []
22921 []
22937 []
22943 []
22961 []
22963 []
22973 []
22993 []
23003 []
23011 []
23017 []
23021 []
23027 []
23029 []
23039 []
23041 []
23053 []
23057 []
23059 []
23063 []
23071 []
23081 []
23087 []
23099 []
23117 []
23131 []
23143 []
23159 []
23167 []
23173 []
23189 []
23197 []
23201 []
23203 []
23209 []
23227 []
23251 []
23269 []
23279 []
23291 []
23293 []
23297 []
23311 []
23321 []
23327 []
23333 []
23339 []
23357 []
23369 []
23371 []
23399 []
23417 []
23431 []
23447 []
23459 []
23473 []
23497 []
23509 []
23531 []
23537 []
23539 []
23549 []
23557 []
23561 []
23563 []
23567 []
23581 []
23593 []
23599 []
23603 []
23609 []
23623 []
23627 []
23629 []
23633 []
23663 []
23669 []
23671 []
23677 []
23687 []
23689 []
23719 []
23741 []
23743 []
23747 []
23753 []
23761 []
23767 []
23773 []
23789 []
23801 []
23813 []
23819 []
23827 []
23831 []
23833 []
23857 []
23869 []
23873 []
23879 []
23887 []
23893 []
23899 []
23909 []
23911 []
23917 []
23929 []
23957 []
23971 []
23977 []
23981 []
23993 []
24001 []
24007 []
24019 []
24023 []
24029 []
24043 []
24049 []
24061 []
24071 []
24077 []
24083 []
24091 []
24097 []
24103 []
24107 []
24109 []
24113 []
24121 []
24133 []
24137 []
24151 []
24169 []
24179 []
24181 []
24197 []
24203 []
24223 []
24229 []
24239 []
24247 []
24251 []
24281 []
24317 []
24329 []
24337 []
24359 []
24371 []
24373 []
24379 []
24391 []
24407 []
24413 []
24419 []
24421 []
24439 []
24443 []
24469 []
24473 []
24481 []
24499 []
24509 []
24517 []
24527 []
24533 []
24547 []
24551 []
24571 []
24593 []
24611 []
24623 []
24631 []
24659 []
24671 []
24677 []
24683 []
24691 []
24697 []
24709 []
24733 []
24749 []
24763 []
24767 []
24781 []
24793 []
24799 []
24809 []
24821 []
24841 []
24847 []
24851 []
24859 []
24877 []
24889 []
24907 []
24917 []
24919 []
24923 []
24943 []
24953 []
24967 []
24971 []
24977 []
24979 []
24989 []
25013 []
25031 []
25033 []
25037 []
25057 []
25073 []
25087 []
25097 []
25111 []
25117 []
25121 []
25127 []
25147 []
25153 []
25163 []
25169 []
25171 []
25183 []
25189 []
25219 []
25229 []
25237 []
25243 []
25247 []
25253 [[467, 941, 2099, 19793, 25253]]
25261 []
25301 []
25303 []
25307 []
25309 []
25321 []
25339 []
25343 []
25349 []
25357 []
25367 []
25373 []
25391 []
25409 []
25411 []
25423 []
25439 []
25447 []
25453 []
25457 []
25463 []
25469 []
25471 []
25523 []
25537 []
25541 []
25561 []
25577 []
25579 []
25583 []
25589 []
25601 []
25603 []
25609 []
25621 []
25633 []
25639 []
25643 []
25657 []
25667 []
25673 []
25679 []
25693 []
25703 []
25717 []
25733 []
25741 []
25747 []
25759 []
25763 []
25771 []
25793 []
25799 []
25801 []
25819 []
25841 []
25847 []
25849 []
25867 []
25873 []
25889 []
25903 []
25913 []
25919 []
25931 []
25933 []
25939 []
25943 []
25951 []
25969 []
25981 []
25997 []
25999 []
26003 []
26017 []
26021 []
26029 []

[[3, 7, 109, 673], [23, 311, 677, 827], [11, 239, 1049, 1847], [11, 239, 1091, 1847], [11, 23, 743, 1871], [23, 677, 827, 1871], [3, 17, 449, 2069], [31, 1123, 2029, 2281], [3, 11, 2069, 2297], [3, 17, 2069, 2297], [3, 37, 67, 2377], [269, 617, 887, 2741], [7, 1237, 1549, 3019], [7, 61, 1693, 3181], [7, 2089, 2953, 3181], [7, 829, 2671, 3361], [37, 1549, 2707, 3463], [79, 967, 1117, 3511], [79, 1801, 3253, 3547], [7, 433, 1471, 3613], [37, 991, 2269, 3613], [1753, 1951, 3547, 3643], [7, 19, 97, 3727], [7, 19, 1249, 3727], [1451, 2699, 3413, 3761], [809, 1361, 2141, 3947], [1447, 2803, 3769, 4051], [1319, 2243, 2789, 4133], [3, 7, 541, 4159], [3, 37, 2377, 4159], [23, 47, 1481, 4211], [7, 2089, 3181, 4219], [3, 467, 617, 4253], [1783, 2953, 3643, 4273], [101, 2633, 2699, 4337], [7, 19, 97, 4507], [2039, 3299, 3767, 4523], [397, 907, 3919, 4567], [17, 2741, 3917, 4649], [47, 947, 1439, 4931], [89, 107, 1061, 4973], [23, 2003, 3557, 5051], [199, 3259, 4327, 5107], [11, 4013, 4643, 5153], [47, 251, 5147, 5273], [31, 1123, 2029, 5281], [419, 449, 563, 5297], [809, 3947, 4679, 5393], [13, 61, 2383, 5431], [23, 47, 4211, 5483], [2897, 4721, 4877, 5501], [131, 797, 2411, 5519], [163, 367, 4597, 5563], [97, 379, 2221, 5581], [97, 2221, 4513, 5581], [7, 19, 3727, 5659], [31, 3037, 3331, 5701], [11, 239, 3467, 5807], [7, 2269, 3613, 5821], [71, 821, 1163, 5849], [11, 353, 4967, 5849], [23, 1607, 5009, 5849], [11, 4643, 5153, 5849], [37, 2707, 4909, 5857], [3, 2503, 5281, 5869], [3, 37, 67, 5923], [23, 47, 2333, 5927], [313, 1231, 4231, 6037], [313, 1747, 4231, 6037], [13, 19, 5077, 6043], [1583, 1877, 2447, 6113], [677, 2309, 4451, 6257], [19, 31, 1237, 6271], [467, 587, 617, 6323], [23, 743, 1871, 6323], [23, 89, 2357, 6323], [11, 1103, 5807, 6329], [3, 17, 449, 6353], [1087, 5413, 5569, 6451], [127, 2281, 6361, 6481], [29, 71, 5237, 6563], [3, 31, 1237, 6571], [3, 17, 449, 6599], [2063, 2243, 5477, 6599], [283, 1321, 3001, 6607], [3391, 3433, 3643, 6607], [47, 2333, 5297, 6701], [229, 613, 4021, 6733], [151, 4801, 5197, 6733], [13, 5197, 5701, 6733], [1523, 3203, 5279, 6827], [17, 2741, 3917, 6899], [29, 3767, 4523, 6911], [7, 1249, 3727, 6949], [7, 1249, 4441, 6949], [967, 5623, 6421, 6949], [43, 613, 6547, 6967], [1439, 2003, 5657, 6983], [1439, 3833, 5657, 6983], [2593, 3307, 5443, 7039], [5023, 5443, 6841, 7039], [5443, 6637, 6841, 7039], [11, 2297, 4967, 7127], [3, 73, 6793, 7159], [11, 23, 6329, 7331], [2801, 4733, 6689, 7331], [41, 1013, 7187, 7331], [1621, 2767, 3187, 7477], [1123, 3919, 5281, 7489], [1153, 1699, 6691, 7507], [239, 1049, 1847, 7523], [1103, 3041, 6317, 7529], [83, 449, 6491, 7583], [23, 2819, 3617, 7607], [67, 619, 5419, 7687], [401, 2441, 3671, 7691], [401, 3407, 3671, 7691], [7, 127, 6949, 7723], [1217, 2309, 5081, 7817], [2269, 4057, 4663, 7879], [419, 443, 7757, 7883], [521, 1523, 2447, 7907], [1523, 2447, 5813, 7907], [1289, 2801, 4733, 7919], [397, 2251, 2593, 7927], [151, 397, 4657, 7933], [151, 4657, 6217, 7933], [397, 4657, 7177, 7933], [593, 3203, 3467, 7949], [1283, 1619, 4127, 7949], [677, 1283, 5807, 7949], [233, 1583, 7043, 7949], [1367, 1733, 7043, 7949], [1459, 1873, 3511, 7963], [3, 37, 4729, 7963], [3, 37, 5923, 7963], [13, 127, 6733, 7993], [3109, 4801, 6733, 7993], [37, 1873, 7963, 8011], [1873, 3511, 7963, 8011], [3187, 4561, 6379, 8017], [13, 1543, 3967, 8053], [1181, 1847, 2687, 8069], [2243, 5477, 6599, 8081], [71, 4517, 6869, 8087], [251, 5273, 5651, 8093], [37, 4177, 7537, 8101], [59, 2531, 4889, 8123], [89, 5003, 5087, 8147], [7, 541, 2467, 8167], [11, 23, 1871, 8171], [701, 1607, 5471, 8171], [1583, 5861, 6143, 8171], [1483, 3457, 5869, 8209], [1993, 3457, 5869, 8209], [3, 11, 2069, 8219], [11, 353, 4967, 8219], [353, 4967, 5573, 8219], [4663, 5839, 7753, 8233], [23, 2357, 6323, 8237], [79, 3253, 3517, 8263], [1721, 3347, 8231, 8273], [31, 2311, 4549, 8287], [2017, 2689, 4423, 8317], [691, 727, 5197, 8389], [13, 5197, 5701, 8389], [13, 5197, 6733, 8389], [13, 5701, 6733, 8389], [5197, 5701, 6733, 8389], [3, 331, 739, 8431], [3, 31, 7591, 8431], [1783, 2953, 4273, 8461], [1399, 3433, 4987, 8461], [3037, 3433, 4987, 8461], [3037, 3433, 6607, 8461], [1069, 6529, 8329, 8461], [1193, 4931, 5009, 8501], [43, 97, 1381, 8521], [17, 2741, 4649, 8537], [59, 6569, 6779, 8537], [6569, 6689, 6779, 8537], [1973, 5711, 8291, 8573], [4877, 5711, 8291, 8573], [13, 2383, 5431, 8599], [13, 2383, 6733, 8599], [19, 3727, 6961, 8623], [19, 31, 991, 8641], [19, 31, 6271, 8641], [31, 1279, 6271, 8641], [311, 821, 827, 8663], [89, 821, 6521, 8663], [821, 1109, 6521, 8663], [1109, 6521, 8369, 8663], [11, 23, 1871, 8681], [11, 23, 5849, 8681], [1847, 2687, 4007, 8693], [443, 1811, 6863, 8699], [3, 37, 1237, 8713], [3, 37, 1699, 8713], [3, 1237, 6571, 8713], [3, 1699, 6571, 8713], [3049, 4831, 8191, 8737], [4919, 7481, 7607, 8741], [3, 11, 701, 8747], [3, 11, 2069, 8747], [3, 191, 2069, 8747], [11, 23, 3083, 8747], [11, 701, 7541, 8747], [1283, 1619, 8513, 8747], [37, 967, 5779, 8761], [7, 853, 2269, 8779], [409, 1471, 4561, 8779], [7, 853, 8017, 8779], [3, 3923, 4919, 8783], [1847, 5801, 8693, 8783], [2557, 7687, 8521, 8821], [1709, 2333, 2843, 8831], [2333, 5261, 5987, 8831], [11, 353, 6791, 8831], [11, 4547, 6791, 8831], [1217, 2309, 7817, 8861], [1217, 2273, 8627, 8861], [4201, 6217, 8161, 8863], [6217, 6679, 8161, 8863], [311, 1223, 6761, 8867], [79, 367, 1117, 8887], [2053, 6361, 8521, 8923], [1753, 3847, 5197, 8929], [19, 3847, 5737, 8929], [59, 1289, 3767, 8933], [7, 61, 487, 8941], [47, 1481, 4211, 8963], [47, 1481, 5639, 8963], [3271, 5653, 5923, 9013], [127, 271, 6733, 9043], [2287, 4483, 6793, 9049], [31, 7591, 8431, 9049], [1567, 5641, 7759, 9091], [13, 4363, 8461, 9091], [2269, 4057, 7879, 9109], [31, 4549, 8287, 9133], [1283, 1667, 6287, 9137], [3, 4729, 7963, 9181], [383, 941, 3527, 9239], [47, 2063, 6599, 9239], [71, 5417, 7001, 9239], [5417, 8219, 8819, 9239], [2897, 3209, 4721, 9257], [29, 683, 6047, 9311], [59, 1319, 5981, 9341], [43, 2251, 4111, 9349], [3307, 5443, 7039, 9391], [2837, 6449, 9209, 9431], [31, 1153, 5179, 9439], [31, 2029, 5701, 9439], [293, 467, 617, 9473], [467, 587, 617, 9473], [137, 3989, 9239, 9491], [61, 1483, 2341, 9511], [1889, 2777, 8291, 9533], [6569, 6779, 8537, 9551], [367, 1117, 8887, 9601], [7, 433, 3613, 9613], [7, 3019, 7351, 9613], [5737, 8521, 8677, 9613], [109, 2389, 7351, 9619], [2389, 5167, 8761, 9619], [383, 1721, 3359, 9677], [19, 31, 181, 9679], [1409, 4517, 5387, 9689], [43, 1051, 2389, 9697], [13, 2851, 4951, 9697], [13, 4951, 6343, 9697], [13, 19, 6991, 9697], [19, 6991, 9403, 9697], [317, 1601, 9257, 9749], [2957, 4451, 6803, 9791], [1381, 1789, 4111, 9811], [3343, 4561, 6379, 9811], [3547, 3643, 5449, 9817], [3253, 5479, 7927, 9817], [3643, 5449, 8929, 9817], [47, 1091, 4931, 9833], [449, 5009, 7109, 9839], [347, 443, 983, 9857], [13, 4327, 4591, 9883], [5107, 6793, 7717, 9901], [67, 1933, 7639, 9907], [941, 1709, 3137, 9923], [17, 449, 6353, 9923], [2441, 3671, 5381, 9929], [283, 1237, 1657, 9931], [283, 463, 3001, 9931], [1063, 3001, 3499, 9931], [3067, 5737, 8929, 10069], [3847, 5737, 8929, 10069], [2909, 5813, 6737, 10091], [3119, 5237, 5783, 10133], [3011, 4493, 7349, 10151], [3, 449, 2441, 10169], [1319, 3533, 4133, 10169], [3917, 4019, 4211, 10181], [167, 443, 9857, 10181], [3, 37, 2377, 10243], [47, 1283, 3617, 10313], [47, 3617, 3923, 10313], [7, 6163, 9349, 10399], [11, 113, 1973, 10433], [179, 1451, 2039, 10463], [47, 2027, 5483, 10463], [881, 1373, 1499, 10487], [7, 7933, 9613, 10513], [1597, 2731, 3301, 10531], [571, 5839, 8233, 10597], [1381, 1657, 4111, 10627], [1381, 1657, 8017, 10627], [19, 79, 9679, 10687], [83, 1031, 1811, 10691], [3, 331, 3637, 10771], [863, 4421, 6899, 10883], [67, 2377, 5743, 10909], [67, 5743, 9883, 10909], [7, 823, 10663, 10909], [1973, 5897, 6131, 10937], [1483, 5869, 6961, 10993], [11, 239, 1049, 11057], [59, 1973, 4397, 11057], [59, 1163, 9479, 11057], [797, 3461, 3659, 11069], [4159, 4621, 7573, 11161], [1049, 2297, 10037, 11171], [433, 3529, 7393, 11173], [2693, 4139, 6263, 11177], [97, 6271, 10711, 11257], [73, 2029, 6121, 11287], [1051, 2017, 8311, 11299], [23, 509, 5483, 11321], [23, 4007, 6053, 11321], [11, 701, 8747, 11351], [1069, 2203, 6529, 11353], [1069, 6529, 8329, 11353], [1069, 2203, 9133, 11353], [11, 4229, 8831, 11399], [83, 1619, 5987, 11447], [83, 5987, 6491, 11447], [89, 431, 983, 11489], [89, 431, 5903, 11489], [229, 3391, 6733, 11491], [4093, 8647, 9403, 11503], [5531, 7673, 9851, 11549], [2543, 5153, 10487, 11579], [431, 4217, 11489, 11597], [7, 3823, 7417, 11617], [3, 2503, 7591, 11827], [191, 1319, 5981, 11933], [613, 6679, 6967, 11941], [1049, 2087, 9029, 12011], [193, 541, 9439, 12043], [853, 1279, 9781, 12049], [83, 719, 773, 12119], [83, 719, 7079, 12119], [2459, 4463, 10859, 12143], [43, 1867, 4111, 12157], [43, 2251, 4111, 12157], [1789, 4111, 6661, 12157], [1163, 1877, 2447, 12197], [17, 83, 5897, 12197], [29, 569, 11159, 12227], [137, 353, 12143, 12269], [13, 19, 9697, 12277], [7, 1237, 2341, 12409], [7, 1879, 2341, 12409], [1237, 2341, 6571, 12409], [67, 1039, 1999, 12421], [19, 1669, 8599, 12457], [859, 7417, 7639, 12511], [19, 1699, 7507, 12577], [1187, 4523, 12569, 12611], [4649, 7727, 7853, 12641], [29, 179, 9311, 12641], [29, 683, 9311, 12641], [11, 1217, 2843, 12653], [2267, 2729, 10973, 12659], [43, 97, 3373, 12697], [43, 1693, 3373, 12697], [97, 3373, 4957, 12697], [907, 11527, 12073, 12703], [2081, 3323, 4349, 12713], [4507, 4801, 5419, 12739], [4801, 6361, 9931, 12739], [2593, 12421, 12637, 12841], [4603, 12421, 12637, 12841], [307, 5119, 12601, 12853], [2543, 10487, 11579, 12893], [1231, 2689, 4507, 12907], [11, 3779, 7577, 12911], [7, 937, 10321, 12973], [47, 3833, 6911, 13001], [1789, 3907, 9619, 13003], [1583, 1877, 6287, 13037], [89, 431, 983, 13043], [7, 7351, 9613, 13147], [1307, 4079, 6863, 13151], [1979, 2693, 9833, 13217], [2693, 6257, 9833, 13217], [59, 1289, 2237, 13241], [59, 9857, 11057, 13241], [3847, 5077, 6367, 13267], [1747, 6967, 7177, 13291], [7669, 11071, 11491, 13291], [1327, 3853, 10273, 13297], [7, 61, 2341, 13309], [7, 2341, 12409, 13309], [3, 31, 1237, 13399], [3, 31, 8377, 13399], [1103, 1733, 2927, 13457], [857, 2693, 4079, 13553], [7, 4903, 8893, 13627], [751, 8893, 12577, 13627], [2953, 6217, 6679, 13633], [853, 7759, 10909, 13687], [113, 3659, 9851, 13697], [7, 109, 883, 13807], [1051, 2713, 3739, 13807], [9619, 10039, 11971, 13831], [127, 4363, 8713, 13873], [3163, 8707, 13537, 13873], [71, 6869, 8087, 13907], [17, 7109, 7127, 13913], [3, 59, 5381, 13931], [13, 19, 9721, 13999], [971, 6701, 13043, 14009], [7, 1741, 7489, 14029], [43, 1867, 12157, 14029], [2963, 5693, 7187, 14033], [457, 3631, 8923, 14083], [3373, 3631, 8923, 14083], [3109, 4339, 10903, 14083], [7489, 8581, 9157, 14143], [7489, 8581, 11887, 14143], [4219, 4597, 9403, 14197], [653, 6947, 8447, 14243], [10039, 11971, 13831, 14251], [349, 499, 2707, 14281], [283, 6763, 8287, 14347], [5659, 5779, 8677, 14347], [1601, 6029, 11447, 14369], [2273, 2609, 8297, 14387], [5449, 7321, 11329, 14389], [17, 2351, 12197, 14423], [47, 1931, 2399, 14447], [47, 2687, 8069, 14447], [2687, 3023, 8069, 14447], [1931, 5171, 10457, 14447], [3361, 4507, 5419, 14533], [401, 3671, 7691, 14537], [1361, 6047, 6737, 14543], [683, 6317, 9323, 14549], [7, 8311, 11299, 14551], [1117, 5323, 13759, 14593], [3, 59, 1193, 14627], [3, 449, 2069, 14627], [1319, 1637, 8039, 14633], [467, 617, 1301, 14669], [313, 1231, 12907, 14683], [6949, 7621, 7741, 14713], [3463, 6883, 13567, 14713], [1481, 4211, 7703, 14717], [2311, 6469, 11833, 14731], [11527, 12073, 12703, 14737], [353, 9521, 10427, 14753], [17, 2069, 4637, 14759], [11, 1973, 11057, 14759], [857, 1973, 6131, 14771], [1721, 3347, 8273, 14771], [37, 1069, 1321, 14779], [5659, 5953, 10567, 14851], [389, 2333, 3137, 14867], [853, 10909, 13687, 14947], [2141, 4649, 7727, 14951], [23, 1613, 5813, 14957], [863, 6899, 10883, 14957], [1031, 1601, 2207, 15017], [37, 1951, 6823, 15031], [167, 443, 10181, 15053], [733, 1249, 8641, 15061], [89, 1409, 5387, 15083], [2731, 8737, 15091, 15121], [11, 11399, 14249, 15131], [1439, 2579, 4007, 15173], [2473, 8269, 13903, 15217], [2399, 3911, 5717, 15233], [199, 811, 3109, 15271], [199, 3109, 10903, 15271], [3109, 10903, 11353, 15271], [1753, 3847, 5197, 15277], [1753, 3847, 8887, 15277], [1753, 8089, 8887, 15277], [4729, 8863, 8887, 15277], [1723, 8233, 9067, 15289], [1483, 5869, 6961, 15313], [643, 7477, 8191, 15313], [2441, 2543, 5147, 15329], [1223, 1433, 8297, 15329], [397, 2851, 11839, 15427], [1289, 4139, 7541, 15443], [3, 4253, 12101, 15461], [3, 373, 823, 15559], [617, 887, 1091, 15581], [4397, 4703, 11057, 15641], [11, 7109, 11057, 15641], [79, 367, 613, 15643], [7, 5437, 5689, 15643], [421, 4933, 15349, 15643], [31, 8191, 11287, 15667], [1549, 7333, 15031, 15727], [7333, 8059, 15031, 15727], [11, 251, 12911, 15731], [11, 7577, 12911, 15731], [3, 73, 6793, 15739], [853, 3697, 14479, 15739], [3109, 10903, 15271, 15739], [2423, 8273, 9227, 15767], [2729, 6551, 13829, 15767], [3259, 6247, 8641, 15787], [41, 4457, 10163, 15791], [59, 2309, 5081, 15809], [241, 3823, 4549, 15859], [67, 157, 11071, 15859], [157, 4129, 11071, 15859], [4549, 10273, 15277, 15859], [653, 6947, 8447, 15881], [1231, 6229, 7297, 15901], [997, 4513, 10099, 15937], [653, 2003, 7211, 15959], [163, 613, 883, 15973], [7, 61, 8941, 15973], [7, 691, 15877, 15973], [5639, 6563, 15227, 16007], [193, 10243, 15679, 16057], [281, 5009, 11399, 16061], [631, 5479, 13669, 16063], [8059, 8737, 9151, 16087], [4451, 8681, 11789, 16103], [61, 1453, 3049, 16111], [1453, 3049, 9787, 16111], [313, 619, 14683, 16111], [313, 1231, 14683, 16111], [907, 3919, 5503, 16141], [17, 2411, 8447, 16217], [701, 3581, 14411, 16217], [2591, 8231, 14249, 16223], [557, 8291, 8861, 16229], [751, 13417, 13693, 16231], [47, 2333, 5927, 16253], [2543, 7649, 10499, 16253], [2339, 9743, 15959, 16253], [971, 2699, 8039, 16319], [3931, 8089, 16033, 16333], [4013, 8867, 11909, 16427], [17, 10613, 14747, 16427], [7, 6163, 11287, 16447], [9283, 11113, 12841, 16447], [1747, 6037, 9643, 16453], [6691, 9043, 14533, 16561], [1811, 12011, 16547, 16619], [223, 1447, 15331, 16633], [5023, 9949, 13687, 16651], [9151, 9949, 13687, 16651], [283, 3529, 13339, 16699], [4201, 4759, 14797, 16729], [3, 37, 4159, 16759], [467, 10259, 12893, 16811], [223, 2179, 4261, 16843], [499, 1009, 7393, 16843], [383, 1721, 3359, 16871], [8263, 14737, 16567, 16903], [4729, 5407, 6961, 16921], [3, 467, 4253, 16937], [3, 4253, 12101, 16937], [11, 1217, 12653, 16937], [11, 11423, 12653, 16937], [59, 2531, 8123, 16943], [661, 11719, 14827, 16987], [3, 3931, 5449, 17029], [37, 4789, 15991, 17041], [67, 6829, 11491, 17077], [461, 677, 12527, 17189], [3167, 6521, 14831, 17189], [563, 12527, 15131, 17189], [461, 4271, 17021, 17189], [919, 2749, 11467, 17191], [8263, 13003, 16903, 17203], [8263, 16567, 16903, 17203], [2441, 5087, 10457, 17207], [3, 31, 4159, 17209], [3, 37, 4159, 17209], [3, 541, 4159, 17209], [37, 4159, 4789, 17209], [11933, 14327, 15569, 17291], [6323, 6491, 8237, 17333], [79, 367, 7207, 17341], [6689, 6779, 8537, 17351], [421, 3217, 15649, 17377], [389, 3137, 8513, 17387], [433, 1471, 16831, 17431], [79, 5647, 5659, 17467], [79, 7207, 17341, 17467], [1097, 4751, 6113, 17519], [2731, 4759, 9661, 17539], [3187, 5227, 6379, 17551], [9403, 14653, 15199, 17551], [19, 1699, 5791, 17569], [43, 1213, 8521, 17569], [2029, 7309, 15907, 17581], [269, 617, 4001, 17609], [7757, 15107, 15359, 17627], [7, 2467, 8167, 17659], [7, 2467, 13477, 17659], [13, 829, 12517, 17683], [13, 4591, 17443, 17683], [3511, 9283, 11113, 17707], [9283, 11113, 12841, 17707], [1283, 9419, 14411, 17789], [7559, 11159, 17783, 17837], [271, 9421, 12109, 17863], [59, 3083, 4931, 17903], [1373, 1511, 10559, 17903], [331, 739, 8431, 17911], [31, 4021, 14143, 17923], [13, 829, 9091, 17929], [1409, 4643, 14303, 17939], [353, 9623, 14009, 17957], [4013, 11909, 16427, 17957], [1987, 3499, 8191, 17977], [811, 8101, 8233, 17977], [7321, 9829, 12421, 17977], [7, 7489, 8839, 17989], [7, 7489, 9043, 17989], [2749, 4021, 14737, 18097], [5279, 6449, 12503, 18143], [6449, 8219, 12503, 18143], [1747, 4231, 6037, 18169], [1747, 6037, 9643, 18169], [1747, 6037, 13093, 18169], [1237, 6571, 12409, 18229], [659, 947, 5009, 18233], [3, 947, 5051, 18233], [6011, 8741, 14783, 18269], [1087, 2179, 10453, 18289], [3, 109, 15493, 18289], [107, 11549, 14741, 18311], [1481, 1733, 8807, 18329], [17, 2741, 6899, 18371], [3391, 3433, 6607, 18427], [5209, 5419, 9241, 18427], [7, 229, 433, 18433], [7, 1237, 2341, 18433], [7, 109, 4567, 18433], [7, 1237, 12409, 18433], [7, 2341, 12409, 18433], [1237, 2341, 12409, 18433], [19, 2113, 4507, 18451], [43, 691, 9421, 18451], [43, 691, 16519, 18451], [5689, 6211, 6277, 18457], [14197, 14323, 16693, 18457], [733, 883, 991, 18493], [3079, 7699, 9679, 18493], [19, 79, 1447, 18517], [19, 79, 5791, 18517], [19, 1039, 6709, 18517], [19, 9697, 12277, 18517], [3, 73, 607, 18523], [3331, 5647, 18397, 18523], [2671, 4603, 8761, 18583], [31, 4003, 5851, 18637], [43, 1693, 15607, 18661], [17, 7109, 13913, 18701], [3, 9461, 11447, 18713], [6029, 11447, 14369, 18713], [3221, 4409, 18521, 18743], [4409, 14153, 18521, 18743], [73, 547, 643, 18757], [79, 613, 5581, 18793], [283, 1657, 9931, 18793], [1607, 4637, 5009, 18797], [6491, 9473, 17099, 18839], [17, 2411, 3917, 18869], [17, 3347, 4703, 18869], [373, 14071, 14323, 18913], [521, 1229, 7907, 18947], [4021, 14143, 17923, 18973], [233, 5591, 16829, 19013], [3, 6353, 17327, 19031], [2647, 12739, 15889, 19069], [97, 16633, 17401, 19081], [1163, 14423, 15053, 19139], [491, 14969, 15887, 19163], [3, 6637, 13399, 19183], [7, 3823, 4201, 19237], [3823, 4201, 4759, 19237], [4801, 12163, 12739, 19249], [13, 8461, 9091, 19273], [59, 197, 16349, 19289], [2333, 6701, 18143, 19301], [31, 4243, 4339, 19309], [1231, 2689, 4507, 19309], [1231, 4243, 13063, 19309], [31, 6271, 18637, 19309], [239, 1013, 1091, 19319], [7, 2617, 5689, 19333], [1867, 5749, 11131, 19333], [859, 10303, 11131, 19333], [859, 11131, 17851, 19333], [8543, 10169, 14207, 19373], [1129, 2473, 3001, 19381], [3, 73, 9241, 19387], [3, 73, 15739, 19387], [3, 6871, 15739, 19387], [1097, 3593, 5087, 19391], [1097, 3593, 13469, 19391], [2879, 4397, 12809, 19403], [691, 16519, 18451, 19417], [53, 4649, 8117, 19421], [1087, 2179, 10453, 19423], [61, 751, 14887, 19423], [751, 7669, 14887, 19423], [7247, 7541, 8111, 19427], [23, 2591, 8423, 19433], [1033, 1759, 5233, 19441], [1033, 1759, 7417, 19441], [3, 4729, 7963, 19441], [3, 7963, 10111, 19441], [4729, 12619, 12829, 19441], [541, 2887, 6709, 19477], [3823, 10069, 13093, 19489], [541, 5101, 17359, 19531], [281, 8369, 17489, 19541], [13, 61, 331, 19543], [101, 719, 12413, 19553], [7121, 12161, 15749, 19571], [7, 2671, 11617, 19597], [11059, 12163, 12739, 19597], [739, 12757, 18181, 19609], [1697, 7193, 13697, 19661], [7, 433, 13177, 19681], [761, 1889, 12527, 19697], [677, 4073, 17627, 19697], [6047, 6203, 7643, 19727], [2753, 9689, 15791, 19739], [607, 8581, 19501, 19753], [163, 367, 613, 19759], [2473, 3001, 18367, 19777], [467, 941, 2099, 19793], [7, 541, 2467, 19801], [17, 83, 5897, 19841], [6269, 8369, 16349, 19841], [2593, 7039, 12637, 19861], [163, 6781, 6823, 19867], [4349, 12227, 13001, 19889], [941, 1229, 1607, 19919], [3, 3119, 14879, 19919], [2579, 15173, 19373, 19919], [2179, 3631, 5119, 19927], [11, 1871, 8681, 19949], [977, 9239, 9941, 19949], [43, 8287, 12433, 19963], [227, 10733, 18671, 19997], [373, 661, 1237, 20011], [547, 661, 1237, 20011], [2713, 8389, 15013, 20011], [2713, 9397, 15013, 20011], [661, 1237, 19819, 20011], [2311, 5179, 14029, 20023], [103, 1669, 6661, 20029], [5669, 5879, 17909, 20051], [337, 11617, 19597, 20107], [431, 2837, 9311, 20117], [17, 2741, 14411, 20123], [2221, 4513, 5581, 20161], [1447, 2833, 5683, 20161], [13, 19, 709, 20173], [239, 977, 5039, 20177], [977, 1259, 5039, 20177], [599, 1907, 12227, 20183], [641, 9467, 11783, 20249], [4049, 13151, 13967, 20249], [641, 11783, 18149, 20249], [947, 4637, 5009, 20261], [17, 383, 3359, 20297], [383, 3359, 15791, 20297], [4943, 5741, 19379, 20297], [15359, 15737, 18401, 20333], [1381, 4111, 17467, 20341], [6247, 8641, 12511, 20359], [677, 2309, 4451, 20369], [12791, 16067, 17597, 20393], [29, 10463, 18593, 20399], [19, 9697, 18517, 20407], [2203, 9697, 18517, 20407], [857, 1973, 6131, 20441], [1973, 6131, 18731, 20441], [1439, 4463, 5273, 20477], [59, 1163, 13931, 20483], [547, 14683, 19081, 20509], [3, 5419, 9241, 20521], [1021, 15733, 19309, 20521], [3499, 14419, 20101, 20521], [3, 5419, 20107, 20521], [137, 197, 947, 20543], [311, 827, 14747, 20543], [827, 14747, 15467, 20543], [17, 10937, 15767, 20549], [691, 2131, 3541, 20563], [3907, 4327, 9619, 20593], [4831, 8191, 14713, 20593], [17, 2297, 7127, 20639], [631, 739, 9463, 20719], [2179, 3253, 14503, 20719], [3739, 16363, 16729, 20731], [241, 3217, 19681, 20731], [457, 18679, 20149, 20749], [281, 509, 797, 20759], [281, 509, 1973, 20759], [3, 719, 2579, 20759], [281, 719, 12569, 20759], [743, 4001, 12569, 20759], [431, 4217, 17909, 20771], [11, 2069, 2339, 20807], [11, 23, 6329, 20807], [11, 1049, 11057, 20807], [1117, 6637, 12043, 20857], [829, 10273, 13297, 20857], [1117, 5167, 15319, 20857], [4583, 5651, 19571, 20873], [3593, 6311, 13001, 20879], [7, 109, 673, 20887], [7, 541, 12433, 20887], [2741, 8747, 9851, 20897], [7, 1249, 3727, 20899], [733, 1249, 8641, 20899], [7, 1249, 12157, 20899], [1249, 8641, 12157, 20899], [1201, 1303, 12757, 20899], [7, 8893, 13627, 20899], [8009, 10193, 16619, 20903], [1493, 3623, 18401, 20921], [1493, 9851, 18401, 20921], [5521, 11383, 14071, 20929], [37, 67, 5923, 20947], [37, 3049, 7297, 20947], [3049, 7297, 10357, 20947], [7, 12007, 18049, 20947], [971, 5477, 8039, 20981], [5023, 5443, 7039, 20983], [5443, 6637, 7039, 20983], [5443, 6637, 12037, 20983], [6637, 12037, 16411, 20983], [3457, 10531, 19813, 20983], [11, 239, 11057, 21011], [11, 251, 15641, 21011], [11, 11057, 15641, 21011], [4703, 11057, 15641, 21011], [3347, 4703, 18869, 21011], [4703, 11057, 18869, 21011], [1069, 4219, 6529, 21013], [419, 701, 12953, 21017], [3187, 3229, 9151, 21019], [1867, 6121, 10831, 21019], [419, 599, 20261, 21023], [8669, 12983, 20477, 21023], [1627, 3463, 10267, 21061], [61, 1753, 11527, 21121], [17, 2657, 20639, 21143], [797, 9173, 13967, 21149], [13, 2113, 9439, 21157], [3163, 8707, 12967, 21157], [1993, 6481, 11941, 21169], [4133, 5387, 12569, 21179], [10973, 12569, 13901, 21179], [2129, 8999, 16481, 21179], [5387, 10463, 17903, 21179], [5387, 12569, 17903, 21179], [4513, 9049, 12637, 21187], [3, 3301, 13879, 21193], [4759, 5227, 19333, 21211], [8689, 11257, 19993, 21211], [1481, 4211, 14717, 21227], [151, 937, 5281, 21247], [151, 937, 15031, 21247], [137, 197, 947, 21269], [137, 659, 947, 21269], [2383, 4273, 5023, 21277], [2647, 3793, 11731, 21277], [2647, 3793, 13219, 21277], [3, 1627, 3769, 21313], [3769, 5653, 6619, 21313], [5653, 6367, 12919, 21313], [521, 1523, 7907, 21317], [3847, 8929, 10069, 21319], [71, 5651, 13553, 21377], [1997, 8831, 13109, 21383], [389, 10211, 19469, 21401], [6607, 7867, 19207, 21433], [89, 431, 983, 21467], [89, 5861, 5987, 21467], [3911, 8867, 12269, 21491], [31, 5881, 15991, 21493], [3407, 6599, 20147, 21503], [7, 10321, 20899, 21529], [12569, 17903, 21179, 21563], [677, 5273, 13043, 21569], [397, 5791, 17569, 21601], [1097, 12263, 13859, 21611], [503, 653, 11273, 21647], [787, 5347, 8461, 21673], [6217, 6679, 11941, 21673], [487, 5881, 9547, 21727], [109, 3943, 14083, 21727], [11, 2459, 10859, 21737], [6899, 7529, 14549, 21737], [47, 2063, 16529, 21737], [47, 9377, 16529, 21737], [7, 433, 3613, 21739], [5443, 5653, 7549, 21751], [3, 73, 7159, 21757], [227, 827, 1721, 21767], [9601, 14983, 18043, 21787], [11423, 13577, 21419, 21839], [9349, 17551, 18583, 21859], [463, 11491, 20773, 21859], [11491, 12409, 20773, 21859], [2399, 2663, 4457, 21863], [2143, 2239, 18523, 21937], [733, 5743, 7717, 21991], [7, 691, 15973, 21991], [10987, 11701, 18637, 21991], [7, 4567, 10399, 21997], [7, 9349, 10399, 21997], [14437, 17959, 18253, 21997], [1993, 7507, 12577, 22003], [739, 18181, 19609, 22003], [2593, 7753, 7927, 22027], [1019, 6947, 11657, 22031], [67, 139, 547, 22039], [139, 547, 709, 22039], [751, 15331, 15919, 22051], [3571, 4363, 13063, 22063], [3, 137, 8219, 22067], [10151, 16001, 16547, 22079], [3, 617, 4253, 22109], [3, 4253, 9521, 22109], [3691, 7669, 13291, 22111], [67, 1039, 3637, 22129], [79, 3547, 5449, 22129], [67, 3637, 7639, 22129], [3547, 5449, 9817, 22129], [1321, 2917, 10267, 22129], [11, 743, 11057, 22133], [7, 1993, 6481, 22147], [7, 1693, 16981, 22147], [7, 4903, 8893, 22153], [5227, 13183, 17509, 22153], [223, 2551, 7537, 22171], [223, 2551, 17377, 22171], [2273, 11027, 11087, 22259], [3, 2579, 20759, 22271], [2579, 4421, 20759, 22271], [67, 5419, 7687, 22291], [127, 1033, 11161, 22291], [863, 10883, 19433, 22307], [1187, 12569, 12611, 22349], [3, 12413, 13613, 22349], [5927, 12413, 13613, 22349], [3, 12101, 15461, 22349], [3, 1019, 21383, 22349], [1019, 16301, 22031, 22349], [3533, 13613, 22247, 22349], [11, 8831, 9293, 22367], [7, 4903, 13597, 22369], [1033, 1543, 12073, 22381], [14401, 18583, 22153, 22381], [5591, 8969, 15233, 22391], [5591, 13553, 15233, 22391], [4001, 4349, 21089, 22391], [11, 2843, 8831, 22397], [11, 8831, 9293, 22397], [11, 3779, 12911, 22397], [8941, 17137, 20509, 22441], [61, 2797, 7681, 22447], [10321, 11287, 12457, 22453], [631, 8467, 13597, 22453], [17, 7211, 9689, 22481], [17, 7211, 12569, 22481], [17, 12569, 18401, 22481], [1951, 3547, 6151, 22483], [379, 1213, 16183, 22483], [2879, 4397, 6701, 22511], [2833, 6361, 8389, 22549], [1531, 6361, 20533, 22549], [3, 191, 5099, 22613], [3, 1907, 5099, 22613], [12413, 20123, 22349, 22619], [283, 3529, 5851, 22621], [7, 283, 1237, 22639], [7, 2161, 6949, 22639], [349, 1237, 9973, 22639], [7, 2161, 13147, 22639], [7, 283, 16087, 22639], [4177, 4363, 8311, 22651], [1931, 5279, 19583, 22679], [29, 2441, 4787, 22709], [29, 4787, 5237, 22709], [4787, 5237, 8009, 22709], [3, 9857, 22079, 22709], [227, 19997, 22079, 22709], [29, 3659, 4157, 22721], [11, 4493, 15641, 22739], [43, 13669, 14551, 22741], [4651, 11527, 22003, 22741], [3911, 5717, 15233, 22769], [3, 4253, 15461, 22769], [389, 6029, 18401, 22787], [3917, 7499, 18443, 22787], [2837, 7691, 21149, 22787], [8297, 11423, 22637, 22787], [139, 709, 11497, 22807], [7, 9043, 21997, 22807], [83, 5441, 5717, 22871], [3, 9857, 22709, 22877], [4523, 14249, 19037, 22901], [3, 7, 673, 22921], [3, 7, 9901, 22921], [7, 4357, 13183, 22921], [7, 10837, 17419, 22921], [89, 137, 12791, 22937], [1151, 1607, 20939, 22937], [41, 3533, 10163, 22973], [4813, 6661, 21481, 22993], [23, 1493, 16451, 23003], [97, 8269, 21247, 23011], [3571, 6007, 21871, 23017], [101, 1979, 9413, 23021], [347, 22073, 22307, 23021], [17, 4637, 9041, 23027], [8821, 9319, 11173, 23029], [5689, 7573, 8419, 23059], [137, 4721, 9803, 23081], [239, 509, 4241, 23099], [1217, 16883, 18719, 23099], [8599, 8623, 19813, 23131], [7, 1399, 17317, 23167], [1933, 7639, 9907, 23197], [2281, 8863, 9871, 23209], [1693, 18439, 22147, 23227], [12739, 18439, 22147, 23227], [3, 2503, 5869, 23251], [3, 2503, 7591, 23251], [3, 2503, 17923, 23251], [6073, 6367, 21157, 23251], [4549, 5839, 19753, 23269], [4663, 5839, 19753, 23269], [11, 941, 8681, 23279], [11, 8681, 19949, 23279], [1451, 6869, 7907, 23291], [1451, 4373, 14747, 23291], [7, 691, 21991, 23293], [4129, 6781, 11353, 23311], [1553, 8147, 21587, 23321], [599, 941, 12959, 23333], [599, 941, 21803, 23333], [2837, 3617, 15461, 23339], [23, 3557, 5051, 23369], [4973, 6221, 16529, 23417], [607, 4447, 11941, 23431], [673, 1117, 1327, 23497], [673, 1117, 14593, 23497], [8017, 16417, 19423, 23497], [4721, 14843, 15731, 23537], [8719, 12409, 22003, 23539], [1931, 5171, 5297, 23549], [3, 13613, 14543, 23567], [233, 6263, 14831, 23567], [853, 11329, 21499, 23593], [4519, 15319, 20743, 23599], [131, 5231, 10949, 23603], [389, 5231, 13229, 23603], [3449, 14369, 14639, 23627], [11069, 12941, 21467, 23627], [3623, 14369, 21467, 23627], [8147, 9533, 15263, 23633], [2713, 10909, 17539, 23671], [19, 8641, 20731, 23671], [2843, 10457, 13313, 23687], [197, 16349, 19289, 23687], [8521, 10837, 23143, 23689], [37, 4159, 18397, 23719], [4723, 8923, 9721, 23743], [17, 9719, 20639, 23747], [83, 4643, 11909, 23753], [4259, 9677, 11909, 23753], [151, 937, 15031, 23767], [1783, 2791, 8647, 23773], [1783, 2791, 12391, 23773], [2647, 12391, 21673, 23773], [2273, 8147, 14057, 23801], [233, 911, 4337, 23831], [877, 5743, 14551, 23833], [829, 9091, 17929, 23833], [5743, 14551, 21991, 23833], [6379, 12619, 19069, 23857], [11, 5099, 8273, 23873], [8677, 11443, 17761, 23893], [4621, 15583, 18661, 23911], [991, 4153, 20809, 23917], [4153, 5077, 20809, 23917], [5431, 5743, 7573, 23929], [4663, 8233, 9199, 23971], [1531, 4153, 8311, 23977], [3389, 18329, 23447, 23993], [7, 15859, 21739, 24001], [67, 1201, 3637, 24007], [73, 11149, 15313, 24007], [83, 7079, 9413, 24023], [3491, 7331, 11069, 24023], [6029, 7649, 8423, 24029], [659, 3371, 5009, 24077], [3371, 3413, 5009, 24077], [6863, 10463, 16217, 24077], [421, 4519, 15649, 24091], [4519, 8737, 15649, 24091], [421, 13411, 15649, 24091], [12919, 14479, 21529, 24091], [12211, 13633, 15277, 24097], [4373, 8237, 10739, 24113], [607, 3733, 14629, 24121], [73, 643, 15739, 24133], [73, 6793, 15739, 24133], [73, 15271, 15739, 24133], [73, 643, 18757, 24133], [97, 1783, 8209, 24151], [97, 4657, 8209, 24151], [41, 4013, 22973, 24179], [139, 12841, 13219, 24181], [5303, 14891, 16487, 24239], [3, 17789, 19031, 24239], [739, 1381, 22129, 24247], [23, 4139, 15233, 24281], [347, 443, 11717, 24317], [971, 2897, 5501, 24329], [29, 7757, 7853, 24329], [1217, 2309, 5081, 24359], [6113, 6833, 13679, 24359], [821, 13679, 14321, 24359], [8951, 13679, 14321, 24359], [3581, 4133, 5387, 24413], [4133, 5387, 9173, 24413], [17, 3137, 9923, 24413], [9587, 10847, 23747, 24419], [4691, 13709, 22739, 24473], [821, 4691, 22961, 24473], [4691, 22739, 22961, 24473], [229, 433, 3391, 24481], [3889, 15859, 19603, 24517], [3, 7, 22921, 24517], [1997, 23057, 23417, 24527], [7, 1453, 7417, 24547], [4993, 6571, 8269, 24547], [6571, 8269, 8713, 24547], [311, 8237, 11177, 24593], [10061, 14489, 18461, 24611], [6491, 9473, 11597, 24659], [6491, 9791, 11699, 24659], [8273, 8543, 17657, 24671], [1523, 1913, 5483, 24677], [4663, 16057, 17077, 24709], [14341, 17539, 24001, 24763], [1847, 7523, 13229, 24767], [10753, 13441, 14731, 24781], [3, 541, 17209, 24781], [541, 13903, 17209, 24781], [3, 541, 22573, 24781], [3943, 8059, 12553, 24793], [15031, 15451, 16267, 24793], [4013, 20903, 24659, 24809], [9403, 11503, 15619, 24841], [6661, 12157, 21163, 24841], [3, 7, 4729, 24847], [7, 4729, 20947, 24847], [59, 2903, 19937, 24851], [2903, 19937, 21839, 24851], [37, 9859, 12589, 24859], [37, 9859, 16369, 24859], [1453, 2437, 3361, 24889], [9463, 12487, 12919, 24889], [17137, 22639, 23581, 24907], [887, 9551, 12401, 24917], [1361, 22229, 23357, 24917], [17, 83, 5897, 24923], [83, 443, 5897, 24923], [17, 1049, 5897, 24923], [83, 5897, 11279, 24923], [5449, 8929, 14983, 24943], [241, 5689, 24229, 24943], [16519, 20113, 24229, 24943], [37, 79, 967, 24967], [7, 2161, 12511, 24967], [7, 2161, 18457, 24967], [5351, 8039, 12911, 24971], [853, 16381, 23059, 24979], [4877, 9161, 20393, 25031], [4919, 13337, 17159, 25037], [1063, 5197, 5701, 25057], [5107, 5839, 7879, 25057], [1597, 3163, 8527, 25057], [3163, 3571, 14143, 25057], [1787, 9221, 9791, 25073], [7043, 9221, 23057, 25073], [7, 2467, 8167, 25111], [7, 9337, 14563, 25147], [109, 859, 3943, 25153], [3259, 7717, 11527, 25153], [109, 3943, 14083, 25153], [5101, 8263, 23203, 25153], [53, 1229, 6353, 25169], [3, 7, 2503, 25189], [3, 7, 19237, 25189], [4519, 15649, 24091, 25189], [3, 7, 24847, 25189], [3511, 7879, 16693, 25219], [79, 7207, 8179, 25237], [16411, 19477, 20743, 25237], [4201, 10753, 11437, 25243], [73, 607, 18523, 25243], [73, 643, 21757, 25243], [47, 2963, 9371, 25247], [2111, 4217, 20771, 25247], [467, 941, 2099, 25253], [467, 941, 19793, 25253], [467, 2099, 19793, 25253], [941, 2099, 19793, 25253], [61, 6367, 6793, 25303], [6367, 6793, 10369, 25303], [271, 13183, 15511, 25321], [3, 17, 13763, 25343], [17, 5783, 13763, 25343], [3, 17, 23027, 25343], [17, 21557, 23027, 25343], [3797, 4049, 5261, 25349], [2903, 7103, 8963, 25349], [7351, 8287, 12253, 25357], [4007, 4337, 11321, 25373], [6899, 11093, 13151, 25391], [2459, 8069, 14177, 25409], [5399, 11423, 15791, 25409], [103, 10039, 22639, 25423], [1013, 5039, 8867, 25439], [4937, 7103, 9851, 25439], [1013, 1091, 19319, 25439], [977, 4049, 25349, 25457], [1193, 3923, 9377, 25463], [1193, 13577, 14543, 25463], [17, 7109, 16889, 25463], [2801, 14633, 23201, 25463], [11, 1103, 5807, 25469], [1307, 1979, 13523, 25523], [3121, 5851, 16843, 25537], [3, 3461, 17903, 25541], [1021, 3529, 10069, 25561], [1021, 3529, 20857, 25561], [1021, 10069, 21871, 25561], [1571, 6983, 19889, 25583], [3581, 4421, 24413, 25583], [5303, 9719, 14249, 25589], [433, 11113, 17707, 25609], [1117, 12301, 23977, 25609], [3187, 11593, 21019, 25621], [6967, 8839, 10429, 25633], [10459, 11173, 13789, 25633], [67, 7561, 18379, 25633], [43, 1381, 4111, 25639], [43, 1867, 4111, 25639], [827, 1871, 14747, 25667], [101, 14081, 14207, 25673], [71, 2909, 25121, 25673], [1823, 7823, 19469, 25679], [3299, 6203, 19013, 25703], [7351, 14851, 15217, 25717], [947, 12923, 22721, 25733], [3, 1237, 17599, 25747], [4201, 5419, 9421, 25759], [823, 9421, 10303, 25759], [1013, 4133, 21863, 25793], [97, 379, 1063, 25801], [1063, 3001, 3499, 25801], [2269, 5347, 16111, 25801], [4243, 5347, 11119, 25819], [8599, 10357, 18793, 25849], [79, 6451, 22129, 25849], [7, 19, 8941, 25867], [2677, 6247, 9007, 25867], [7, 19, 13627, 25867], [7, 4903, 13627, 25867], [7, 8941, 18457, 25867], [2731, 15091, 15121, 25873], [331, 1831, 3769, 25903], [2591, 11519, 15959, 25913], [2713, 3889, 13807, 25939], [1097, 5651, 13259, 25943], [151, 14653, 24229, 25951], [1601, 6029, 15233, 25997], [17, 449, 7109, 26003], [73, 757, 25471, 26017], [7457, 23417, 24071, 26021]]

[[13, 5197, 5701, 6733, 8389], [7, 1237, 2341, 12409, 18433], [467, 941, 2099, 19793, 25253]]

[13, 5197, 5701, 6733, 8389] sum = 26033

Execution time = 8338.024223 seconds.
