known prime count = 664579
known prime max   = 9999991
21 12 1.75
63 36 1.75
291 192 1.515625
502 250 2.008
2518 1258 2.00158982512
2817 1872 1.50480769231
2991 1992 1.5015060241
4435 3544 1.25141083521
5229 2952 1.77134146341
5367 3576 1.50083892617
5637 3756 1.50079872204
6102 2016 3.02678571429
6174 1764 3.5
6543 4356 1.5020661157
6822 2268 3.00793650794
7236 2376 3.04545454545
7422 2472 3.00242718447
8022 2280 3.51842105263
8541 5184 1.64756944444
8982 2988 3.00602409639
17631 11736 1.5023006135
18231 11832 1.54082150101
18261 12168 1.50073964497
20301 13200 1.53795454545
20518 10258 2.00019496978
20617 20176 1.02185765266
21058 10528 2.0001899696
22471 21472 1.0465257079
22851 15228 1.50059101655
25196 12596 2.00031756113
25918 12958 2.00015434481
27615 12576 2.19584923664
29817 19872 1.50045289855
34816 16384 2.125
35683 33568 1.0630064347
43218 12348 3.5
44305 35440 1.25014108352
45126 14256 3.1654040404
45421 44512 1.02042145938
46818 14688 3.1875
49435 39544 1.25012644143
50824 25408 2.00031486146
51363 31536 1.62871004566
51606 16560 3.11630434783
52164 14256 3.65909090909
53967 35976 1.50008338893
54693 35496 1.54082150101
56937 37956 1.50007903889
59002 29500 2.00006779661
59184 19584 3.02205882353
60903 39600 1.53795454545
62118 16128 3.8515625
63072 20736 3.04166666667
65163 35616 1.8295990566
67045 45760 1.46514423077
67335 35376 1.90340909091
68202 22680 3.00714285714
69271 67912 1.02001119095
71280 17280 4.125
73926 23976 3.08333333333
74259 47952 1.54861111111
74922 24972 3.0002402691
75841 75184 1.0087385614
78120 17280 4.52083333333
78210 18720 4.17788461538
82026 22680 3.61666666667
84283 83248 1.01243273112
85041 51480 1.65192307692
86965 69568 1.25007187213
87109 79180 1.10013892397
89268 28896 3.08928571429
89982 29988 3.0006002401
90282 29280 3.08340163934
94206 26904 3.50156110616
94813 93148 1.01787477992
95217 59712 1.59460409968
98802 29880 3.30662650602
114109 111904 1.01970438948
116503 115360 1.00990811373
119221 112192 1.06265152596
140083 138040 1.01480005795
152301 101532 1.50002954733
157021 150172 1.04560770317
160731 107136 1.50025201613
162619 161296 1.00820231128
166017 110676 1.50002710615
167569 157696 1.06260780235
175821 115872 1.51737261806
176481 117648 1.50007649939
176569 175696 1.00496880976
176931 117936 1.50022893773
179631 119736 1.50022549609
180261 120168 1.50007489515
181465 145168 1.25003444285
182401 181204 1.00660581444
186021 112680 1.65087859425
191607 110976 1.7265625
192087 109728 1.75057414698
193167 117936 1.6378968254
194181 119184 1.6292539267
199627 197296 1.01181473522
200516 100256 2.00003989786
201123 123120 1.63355263158
201679 196720 1.02520841806
205126 102562 2.0000195004
205916 102956 2.00003885155
208413 132840 1.56890243902
210526 105262 2.00001900021
211065 112560 1.87513326226
212101 210112 1.00946637984
215708 107852 2.00003708786
217508 108752 2.00003678093
224269 222496 1.00796868258
228051 152028 1.50005919962
243007 237040 1.02517296659
245012 122504 2.000032652
248104 124048 2.00006449116
250126 125062 2.00001599207
250196 125096 2.00003197544
250412 125204 2.00003194786
251926 125962 2.0000158778
251984 125984 2.00012700025
256401 165240 1.55168845316
256761 167256 1.53513775291
257168 128576 2.00012444002
259018 129508 2.00001544306
259136 129536 2.00049407115
259918 129958 2.00001538959
261259 259216 1.00788145793
275103 175032 1.57172974085
277621 276172 1.0052467303
281517 185712 1.51587942621
281805 150288 1.87509980837
281997 187992 1.50004787438
284029 282940 1.00384887255
284301 183240 1.55152259332
285109 259180 1.10004244155
289071 192708 1.50004670278
293001 193200 1.51656832298
301044 100344 3.00011958862
302181 183120 1.6501802097
308124 102384 3.00949367089
310446 103464 3.00052192067
310635 150336 2.06627155172
312658 156328 2.00001279361
320643 204336 1.56919485553
321702 107232 3.00005595345
326516 163256 2.0000245014
326518 163258 2.00001225055
340285 235840 1.44286380597
344169 196344 1.75288778878
348219 231984 1.50104748603
352221 232512 1.51485084641
371244 123744 3.0000969744
371682 123876 3.00043591979
371922 123972 3.00004839803
384109 349180 1.10003150238
384210 102384 3.7526371308
388140 103488 3.75057977737
400399 399040 1.00340567362
400832 200384 2.00031938678
400993 399040 1.00489424619
401184 114048 3.51767676768
404136 134640 3.00160427807
409687 407896 1.00439082511
410124 114240 3.5900210084
410252 205124 2.0000195004
410322 124320 3.30053088803
410328 132480 3.0972826087
410490 109440 3.75082236842
410940 109440 3.75493421053
411726 117624 3.50035706999
412380 104832 3.93372252747
413172 131472 3.14266155531
415638 134568 3.08868378812
417834 137448 3.03994237821
418194 119448 3.50105485232
421052 210524 2.00001900021
428814 142884 3.00113378685
429192 142992 3.00151057402
430218 138240 3.112109375
431485 345184 1.25001448503
431586 143856 3.00012512513
432405 230544 1.87558557152
434916 144936 3.00074515648
440413 434140 1.014449256
441670 170464 2.59098695326
441768 144768 3.05155835544
442881 288144 1.53701274363
444018 144480 3.07321428571
449467 447496 1.00440450864
449712 149472 3.00867052023
451302 150432 3.00003988513
452203 432520 1.04550772219
456903 304596 1.50002954733
458712 145728 3.14772727273
461754 144576 3.19384960159
461780 167840 2.75131077216
462285 246528 1.87518253505
462609 264096 1.75166984733
474883 473488 1.00294622039
480231 320148 1.500028112
480249 249480 1.925
481230 128304 3.75070145903
483605 385640 1.25403225806
490110 119040 4.1171875
496208 248096 2.00006449116
498208 249088 2.00012846865
500218 250108 2.00000799655
500824 250408 2.00003194786
501642 156240 3.21071428571
502126 251062 2.00000796616
502198 251098 2.00000796502
504601 501604 1.00597483274
504603 305640 1.65097173145
510948 159408 3.20528455285
512636 256316 2.00001560574
514323 334152 1.53918875242
517023 317520 1.62831632653
517722 172572 3.0000347681
525121 521152 1.00761582034
526312 263152 2.00003040068
529443 352944 1.50007649939
534621 356412 1.50000841723
534663 356436 1.50002524997
535761 357156 1.50007559722
538641 354816 1.51808543019
539697 359796 1.50000833806
539967 359976 1.50000833389
544435 435544 1.2500114799
563814 183456 3.07329277865
564102 142560 3.95694444444
567873 378576 1.5000237733
568377 378756 1.50064157399
569397 379596 1.50000790314
571443 375144 1.52326306698
571986 185976 3.07559039876
573012 173520 3.30228215768
574803 375840 1.52938218391
579067 577096 1.0034153763
582109 529180 1.10002078688
584379 375984 1.55426560705
590623 536920 1.10002048722
598914 199584 3.00081168831
599002 299500 2.0000066778
599902 299950 2.00000666778
600102 200016 3.0002699784
600639 369600 1.62510551948
601320 160320 3.75074850299
601983 398160 1.51191229656
602046 200664 3.00026910657
602088 200688 3.00011958862
602910 120960 4.984375
603369 369360 1.63355263158
608922 202968 3.00008868393
609714 174096 3.50217121588
610896 168960 3.615625
612846 186624 3.28385416667
614376 164736 3.72945804196
615409 594160 1.03576309412
616410 164160 3.75493421053
618150 151680 4.07535601266
618786 176688 3.5021393643
619740 149760 4.13822115385
620235 256320 2.41976825843
620892 206928 3.00052192067
622935 326592 1.90737985009
624903 392064 1.5938800808
625041 405216 1.5424884506
625316 312656 2.00001279361
628902 209628 3.00008586639
629064 209664 3.00034340659
629406 206496 3.04802998605
631032 210336 3.00011410315
632516 316256 2.00001264798
632518 316258 2.00000632395
640170 170640 3.75158227848
641340 146304 4.38361220472
645027 427560 1.50862335111
646071 416760 1.55022315001
650343 433560 1.50000691946
651798 185976 3.50474254743
652318 326158 2.000006132
653043 435360 1.50000689085
653902 326950 2.00000611714
654231 436152 1.50000687834
657205 525760 1.25000951004
659943 439956 1.50002045659
661579 659176 1.00364546039
674253 425736 1.5837349907
674521 645172 1.04549019486
681120 161280 4.22321428571
681993 399168 1.70853625541
689922 229968 3.00007827176
690816 196608 3.513671875
693072 230976 3.0006234414
700362 207360 3.37751736111
704232 234720 3.00030674847
706449 470964 1.50000636991
708865 567088 1.25000881697
712800 172800 4.125
720783 387072 1.86214192708
724371 477312 1.51760483709
725238 235872 3.07471001221
725632 362752 2.00035285815
726033 376320 1.929296875
732031 730312 1.00235378852
734101 731104 1.00409927999
734607 473760 1.55058890578
736297 727936 1.01148589986
736365 336576 2.1878119652
736452 245376 3.00132042254
740421 447120 1.65597826087
742488 247488 3.0000969744
742689 482976 1.53773479428
746539 739456 1.00957866323
747621 427176 1.7501474802
747810 170784 4.37868887015
749682 249876 3.00021610719
749922 249972 3.00002400269
756702 250776 3.01744186047
761502 217560 3.50019305019
763902 239760 3.18611111111
764952 254976 3.00009412651
765234 247536 3.09140488656
768420 204768 3.7526371308
778669 776896 1.00228215874
779281 771892 1.00957258269
780109 709180 1.10001551087
781200 172800 4.52083333333
782100 187200 4.17788461538
782406 260784 3.00020706792
783169 781396 1.00226901597
783522 235872 3.32181013431
802476 267480 3.0001345895
806487 488760 1.6500675178
806511 511680 1.57620192308
812348 381248 2.13076003022
813204 231840 3.50760869565
818053 813580 1.00549792276
820248 228480 3.5900210084
820644 248640 3.30053088803
820674 270648 3.03225591913
821537 785312 1.04612816307
821880 218880 3.75493421053
823452 235248 3.50035706999
825003 532080 1.55052435724
830722 382720 2.17057378763
833782 387328 2.15265098315
840528 258048 3.25725446429
840861 480168 1.75118083671
842104 421048 2.00001900021
842389 838924 1.00413029071
843642 264384 3.19097222222
847692 274896 3.08368255631
848043 483840 1.752734375
848833 834388 1.01731208982
852091 801952 1.06252119828
857244 285744 3.00004199563
857628 285768 3.00113378685
858276 285768 3.00340136054
865479 576984 1.50000519945
865782 288576 3.00018712575
866527 862576 1.00458046595
869751 579816 1.5000465665
869965 695968 1.25000718424
871290 198720 4.38451086957
872304 273408 3.19048455056
874782 278784 3.13784865702
880567 878560 1.00228441996
892581 588192 1.51749938795
895722 298572 3.00002009566
895761 597168 1.50001507114
896022 298620 3.00054249548
899424 298944 3.00867052023
899982 299988 3.0000600024
904032 290304 3.11408730159
906543 549360 1.6501802097
920262 262920 3.50015974441
924075 479520 1.92708333333
924930 239904 3.85541716687
928638 298368 3.11239140927
932085 385920 2.41522854478
933020 339200 2.75064858491
940212 241920 3.88645833333
940417 917440 1.02504468957
942186 269184 3.5001560271
952230 253920 3.75011814745
957248 478592 2.0001337256
957312 317952 3.01086956522
959607 579960 1.65460893855
964395 495936 1.94459567364
966370 376960 2.56358764856
966753 639576 1.51155296634
972678 277896 3.50015113568
974667 649776 1.50000461698
976384 487936 2.00104931794
976482 297648 3.28066037736
982566 269568 3.64496527778
984370 390784 2.51896188176
989802 299880 3.30066026411
992416 496192 2.00006449116
1014109 1011904 1.00217906046
1014901 1011904 1.00296174341
1021057 1017520 1.00347609875
1026349 1023964 1.00232918345
1069261 1066912 1.00220168111
1144501 1141504 1.00262548357
1148803 1134880 1.01226825744
1210669 1201696 1.00746694672
1256861 1182656 1.06274436523
1281307 1103872 1.16073874507
1288663 1286368 1.00178409289
1358053 1355308 1.00202536988
1362157 1357216 1.00364054064
1368403 1363048 1.0039286951
1396537 1335796 1.04547176365
1399291 1391992 1.00524356462
1460203 1432600 1.0192677649
1502031 1001352 1.50000299595
1504051 1501504 1.00169629918
1514419 1511944 1.00163696539
1518021 1011852 1.5002401537
1520391 1013592 1.50000295977
1523091 1015392 1.50000295452
1524031 1510432 1.00900338446
1527469 1524796 1.00175302139
1529301 1019532 1.50000294253
1545109 1515904 1.01926573187
1576969 1569796 1.00456938354
1600281 1061280 1.50787822252
1600413 1063104 1.50541527452
1600713 1030176 1.55382478334
1607481 1071648 1.50000839828
1607817 1071876 1.50000279883
1688037 1038768 1.62503754448
1690641 1096416 1.5419703835
1700691 1097160 1.5500847643
1704069 1096704 1.55380941439
1724319 1143792 1.50754595241
1732651 1716352 1.00949630379
1736901 1137960 1.52632869345
1769913 1179936 1.50000762753
1780617 1187076 1.50000252722
1781697 1187796 1.50000252569
1782513 1175328 1.51660898064
1785213 1157328 1.54252986189
1786401 1178064 1.51638705537
1796841 1169784 1.53604511602
1796913 1197936 1.50000751292
1796931 1197936 1.50002253877
1799631 1199736 1.50002250495
1800261 1200168 1.50000749895
1802061 1162080 1.55072026022
1802961 1201968 1.50000748772
1803769 1639780 1.10000670822
1822101 1211280 1.50427729344
1844229 1229484 1.50000244005
1869109 1699180 1.10000647371
1876867 1868776 1.00432957187
1878523 1857328 1.01141155466
1884067 1876480 1.00404320856
1890567 1079568 1.7512254902
1906137 1179360 1.6162469475
1912005 1019520 1.87539724576
1914721 1911472 1.00169973717
1921741 1914172 1.00395419011
1924891 1921984 1.00151249958
1928617 1892176 1.01925877931
1941057 1197504 1.62091901154
1946127 1297416 1.50000231229
1956103 1953160 1.001506789
1961485 1569184 1.25000318637
1962405 1046592 1.8750429967
1970089 1790980 1.10000614189
1972431 1314792 1.50018482011
1980547 1975840 1.00238227792
1981413 1131984 1.75038958148
1990521 1190592 1.671875
2001465 1052064 1.90241753353
2005196 1002596 2.00000398964
2005912 1002952 2.00000797645
2006737 2003776 1.00147771008
2010058 1005028 2.00000198999
2010105 1015200 1.98000886525
2010452 1005224 2.00000397921
2012391 1321920 1.52232434641
2012506 1006252 2.00000198757
2013469 1964320 1.02502087236
2014785 1074528 1.87504187885
2015708 1007852 2.00000396884
2015811 1150128 1.75268404908
2017508 1008752 2.0000039653
2024163 1326240 1.52624185668
2026195 1620952 1.25000308461
2029131 1192320 1.70183423913
2032581 1283520 1.58359900898
2038165 1630528 1.25000306649
2042503 2035240 1.0035686209
2044501 2041504 1.00146803533
2048163 1260384 1.62503094295
2050018 1025008 2.0000019512
2050198 1025098 2.00000195103
2051992 1025992 2.00000779733
2051996 1025996 2.00000389865
2052531 1235520 1.66126893939
2059126 1029562 2.00000194257
2059192 1029592 2.00000777007
2059912 1029952 2.00000776735
2063613 1263360 1.63343227584
2084139 1389420 1.50000647752
2087341 2073184 1.00682862689
2093211 1321920 1.58346269063
2094901 2091904 1.00143266613
2101065 1120560 1.87501338616
2101701 1171200 1.79448514344
2103039 1393200 1.50950258398
2103459 1395240 1.50759654253
2103819 1398120 1.50474851944
2104089 1294800 1.62503012048
2104947 1294704 1.62581331331
2105996 1052996 2.00000379868
2106429 1296240 1.62503008702
2108584 1054288 2.00000758806
2109543 1392504 1.51492778477
2109861 1298160 1.6252703827
2110905 1105920 1.90873209635
2120139 1192320 1.77816274155
2120175 1127520 1.88038793103
2120506 1060252 2.00000188634
2127003 1372200 1.55006777438
2134881 1182384 1.80557331628
2140269 1422960 1.50409639062
2149443 1432944 1.50001884233
2149713 1417392 1.5166679366
2150647 2147560 1.00143744529
2157088 1078528 2.00002967007
2157363 1327536 1.6250881332
2160195 1152096 1.87501301975
2167443 1424736 1.5212944714
2170503 1370520 1.58370764381
2179508 1089752 2.00000367056
2180492 1029248 2.11852925631
2181406 1012864 2.153700793
2184904 1092448 2.000007323
2185641 1425816 1.53290536787
2195708 1097852 2.00000364348
2202417 1224720 1.79830246914
2203551 1235520 1.78350087413
2209507 2079520 1.06250817496
2221873 2217328 1.0020497644
2239261 2236192 1.0013724224
2243841 1482432 1.51362153542
2264157 1275264 1.77544179088
2267139 1267392 1.78882224284
2270163 1220736 1.85966744652
2284657 2245876 1.01726764968
2317419 1374912 1.68550350859
2320369 2303296 1.00741242116
2322781 2318272 1.00194498316
2331645 1243536 1.87501206238
2340853 2335840 1.00214612302
2341501 2315104 1.01140207956
2351295 1253952 1.87510765962
2356729 2352976 1.00159500139
2367351 1325376 1.78617313125
2367501 1527360 1.55006088938
2381085 1088352 2.18778942842
2382351 1583232 1.50473904014
2388591 1592388 1.50000565189
2406531 1604352 1.50000186991
2408104 1204048 2.00000664425
2410052 1205024 2.00000331944
2410528 1205248 2.00002655055
2418057 1572480 1.53773466117
2419072 1209472 2.0001058313
2427615 1275264 1.90361760388
2435101 2351104 1.03572662035
2442051 1542240 1.58344421102
2459012 1229504 2.00000325334
2460531 1640352 1.50000182888
2461509 1640952 1.50004936159
2463561 1642356 1.5000164398
2466417 1644276 1.50000182451
2471607 1647720 1.50001638628
2500018 1250008 2.00000159999
2500198 1250098 2.00000159987
2500412 1250204 2.00000319948
2501264 1250624 2.00001279361
2507517 1570752 1.5963799505
2514213 1415232 1.77653769841
2515167 1576512 1.59539984472
2519206 1259602 2.0000015878
2520771 1527720 1.65002160082
2523769 2375296 1.062507157
2526351 1652352 1.52894238032
2541861 1452168 1.75039045069
2560489 2409856 1.06250705436
2564001 1520640 1.6861328125
2580397 2573980 1.00249302636
2588083 2583088 1.00193373203
2590423 2354920 1.10000467107
2591206 1295602 2.00000154368
2591872 1295872 2.00009877519
2591936 1295936 2.00004938515
2591984 1295984 2.00001234583
2599196 1299596 2.00000307788
2603689 2366980 1.10000464727
2604681 1660824 1.56830645511
2607183 1723680 1.51256787803
2608173 1678320 1.55403796654
2610855 1285056 2.03170523308
2612059 2521960 1.03572578471
2614941 1494216 1.75004216258
2616915 1196256 2.18758777385
2618109 1610928 1.62521788683
2640717 1760472 1.50000511227
2647107 1764720 1.50001529988
2648061 1628640 1.62593390805
2649211 2641912 1.00276277181
2650309 2639500 1.00409509377
2651326 1325662 2.00000150868
2653912 1326952 2.00000602885
2659138 1329568 2.00000150425
2668957 2576896 1.03572553956
2678517 1785672 1.50000504012
2678721 1768272 1.51488062922
2698461 1692864 1.59402113814
2700441 1742040 1.55016015706
2701509 1795200 1.50485127005
2710627 2707216 1.00125996596
2710821 1807212 1.50000166002
2715380 1038752 2.61407920274
2728911 1819272 1.50000164901
2740162 1272640 2.15313207191
2741403 1473024 1.86107151004
2743011 1732104 1.58362950493
2750319 1537920 1.78833684457
2769561 1796256 1.54185205227
2781657 1756728 1.58343067339
2786983 2739688 1.01726291461
2795301 1753920 1.59374486864
2810673 1827360 1.53810579196
2812635 1285632 2.18774501568
2813103 1831032 1.53634835437
2815491 1584912 1.77643364427
2817255 1287552 2.18807085073
2819997 1879992 1.50000478725
2854179 1894752 1.50636019912
2854851 1884552 1.51486984705
2858083 2853088 1.00175073464
2868469 2864896 1.00124716569
2869791 1876992 1.52893086385
2871044 1247840 2.30081100141
2881210 1102288 2.61384502054
2891061 1912680 1.51152362131
2891073 1927380 1.50000155652
2903263 2639320 1.10000416774
2905821 1925280 1.50929786836
2909751 1790592 1.62502178051
2910483 1932480 1.50608699702
2919339 1939392 1.50528567716
2932495 2345992 1.25000213129
2934651 1956432 1.5000015334
2942271 1927224 1.52668864647
2947167 1964772 1.50000458068
2947551 1945752 1.51486468985
2950137 1953720 1.51001013451
2957281 2951872 1.00183239653
2957841 1925784 1.53591524283
2961045 1524096 1.94282053099
2962413 1936224 1.52999497992
2964147 1946472 1.52283053648
2967381 1978236 1.50001364852
2978901 1978920 1.50531653629
2981907 1987920 1.50001358204
2981997 1987992 1.50000452718
2993245 2394592 1.25000208804
2998917 1978992 1.5153760096
2999481 1984992 1.51107964163
3007122 1002372 3.0000059858
3009417 1937040 1.55361634246
3010125 1531200 1.96586010972
3014685 1586304 1.90044594227
3026781 2017836 1.50001338067
3031092 1003392 3.02084529277
3034017 1733400 1.7503271028
3041712 1013472 3.00127877238
3044169 1963440 1.55042629263
3061206 1006632 3.04103783706
3076152 1025376 3.00002340605
3082003 3023800 1.01924829685
3086253 2033856 1.51743928774
3093129 1903392 1.62506146921
3100836 1033608 3.00001160982
3104082 1034208 3.00140977444
3104784 1034784 3.00041747843
3106458 1035468 3.00005215033
3107592 1035792 3.00020853608
3120006 1036200 3.0110075275
3122679 1679232 1.85958759719
3124652 1562324 2.00000256029
3130657 3071536 1.01924802444
3137265 1573632 1.99364590959
3140025 1435200 2.18786580268
3144603 1633440 1.92514141934
3146083 3140368 1.00181985041
3154309 3135904 1.00586912099
3158649 1943568 1.62518059569
3162501 2051136 1.54182901573
3167054 1374560 2.30404929577
3193207 3173920 1.00607671271
3194809 3189904 1.00153766383
3201849 1829304 1.75030995395
3202155 1552320 2.06281887755
3210280 1208320 2.65681276483
3216051 2131560 1.50877807803
3247891 3192784 1.01725985848
3265018 1632508 2.00000122511
3265198 1632598 2.00000122504
3280507 3087520 1.06250550604
3284019 2189340 1.50000411083
3287923 3273928 1.00427468167
3296871 2189376 1.50584961194
3298093 3293980 1.00124864146
3299211 2199312 1.5001104891
3316005 1330560 2.4921875
3336199 3139936 1.06250541412
3381020 1332800 2.53677971188
3385069 3365980 1.00567115669
3390471 1937304 1.75009755826
3403116 1134360 3.00003173596
3405373 3357340 1.01430686198
3407691 1936704 1.75953114157
3422427 2247432 1.52281670814
3428283 2283384 1.50140449438
3460309 3340960 1.03572296585
3478120 1374208 2.53099967399
3480615 1856304 1.87502424172
3516874 1758436 2.00000113737
3518341 3513184 1.0014678992
3520087 3507280 1.00365154764
3521718 1173852 3.00013800718
3522291 2325192 1.5148387746
3560289 2358096 1.50981512203
3571268 1785632 2.0000022401
3572241 2374512 1.50441059047
3582907 3578920 1.00111402322
3602529 2053296 1.75451030928
3603140 1433600 2.51335100446
3624561 2416356 1.50001117385
3629223 2233296 1.62505238894
3652011 2151360 1.69753597724
3654439 3439456 1.06250494264
3656347 3643576 1.00350507304
3687514 1843756 2.00000108474
3689215 2951368 1.25000169413
3689251 3685192 1.00110143515
3692005 2953600 1.25000169285
3692512 1695232 2.17817502265
3703669 3693760 1.00268263233
3712446 1237464 3.00004363763
3715268 1857632 2.00000215328
3716214 1237164 3.00381679389
3719244 1239744 3.00000967942
3719922 1239972 3.00000483882
3726249 2473296 1.50659241757
3772116 1231776 3.06233925649
3817224 1272384 3.00005658669
3820183 3803128 1.00448446647
3824712 1274832 3.00016943409
3824791 3819472 1.00139260086
3840921 2139840 1.7949570996
3841020 1023840 3.75158227848
3842100 1023840 3.7526371308
3844049 3494480 1.10003462604
3846201 2481360 1.55003747945
3849109 3499180 1.10000314359
3851251 3815152 1.00946200833
3856219 3851296 1.001278271
3881400 1034880 3.75057977737
3898140 1039488 3.75005772072
3904763 3769304 1.03593740383
3912658 1956328 2.00000102232
3914802 1304928 3.00001379386
3915261 2159136 1.8133461718
3921402 1290432 3.03882885731
3926518 1963258 2.00000101871
3928014 1309284 3.00012373175
3940639 3934960 1.0014432167
3941082 1290384 3.05419317041
3952843 3945328 1.0019047846
3991422 1324992 3.01241215041
3993012 1330992 3.0000270475
4001670 1067040 3.75025303644
4002912 1290240 3.10245535714
4006287 2670840 1.50001010918
4012686 1266840 3.16747655584
4013208 1324800 3.02929347826
4018812 1148208 3.50007315748
4018995 1995840 2.01368596681
4020610 1462000 2.7500752394
4025012 2012504 2.00000198757
4029318 1239840 3.24986933798
4031124 1321440 3.05055394116
4034172 1344720 3.00000892379
4034178 1344708 3.00004015742
4035132 1345032 3.00002676516
4036923 2439360 1.65491071429
4038192 1298304 3.11035936114
4038235 3230584 1.25000154771
4041525 2155440 1.87503479568
4052610 1050624 3.85733621162
4052661 2614560 1.55003557004
4062517 4057216 1.00130656095
4076190 1049760 3.88297325103
4081950 1059840 3.85147758152
4082047 4072840 1.00226058475
4084182 1280448 3.18965080972
4084369 3844096 1.06250442237
4088347 3847840 1.06250441806
4101804 1140480 3.59655934343
4102009 4001920 1.02501024508
4102052 2051024 2.00000195025
4104900 1094400 3.75082236842
4106124 1244160 3.30031828704
4109400 1094400 3.75493421053
4109850 1095840 3.75041064389
4117632 1372416 3.00027979855
4123800 1048320 3.93372252747
4125618 1165248 3.54054930796
4133106 1331640 3.10377128954
4135788 1378584 3.00002611375
4139172 1319472 3.1369911601
4144680 1064448 3.89373647186
4148640 1064448 3.89745670996
4153026 1352064 3.0716193908
4154490 1054944 3.93811425061
4157928 1257984 3.30523122711
4168550 1655840 2.51748357329
4170690 1049760 3.97299382716
4171734 1177344 3.54334332192
4179627 2771496 1.50807614371
4180980 1049088 3.98534727306
4183290 1093248 3.82647853003
4185792 1257984 3.32738095238
4187829 2791884 1.50000107454
4190278 1974280 2.12243349474
4192830 1093248 3.83520482086
4198273 4193728 1.00108376127
4201038 1400328 3.00003856239
4201308 1400328 3.00023137436
4206114 1244160 3.38068576389
4210099 4199200 1.00259549438
4210344 1403424 3.0000513031
4213962 1396224 3.01811313944
4215906 1405296 3.00001280869
4216140 1102464 3.82428814002
4217085 2175840 1.9381411317
4226877 2784672 1.5179083928
4227019 4217920 1.00215722441
4228515 2255184 1.87501995403
4232491 4142392 1.02175047654
4233618 1336824 3.1669224969
4235679 2379456 1.78010393972
4238251 4158232 1.01924351503
4246729 4224976 1.0051486683
4248027 2427408 1.75002595361
4256979 2795496 1.5227991741
4259012 2129504 2.00000187837
4259016 1406592 3.0278972154
4261149 2691144 1.58339687508
4265132 2132564 2.00000187568
4268214 1422684 3.00011386928
4271832 1423872 3.00015169903
4274289 2849472 1.50002842632
4278801 2714880 1.57605529526
4278823 4238728 1.00945920569
4280104 2140048 2.00000373823
4284441 2448144 1.75007720134
4285818 1428588 3.00003779956
4286797 4278976 1.00182777375
4290192 1429920 3.0003021148
4292865 2289456 1.87505896597
4304172 1434720 3.000008364
4306104 1304640 3.30060706402
4310064 1304640 3.30364238411
4312652 2156324 2.00000185501
4314985 3451984 1.25000144844
4317696 1437696 3.00320512821
4317804 1347840 3.20349893162
4317942 1434792 3.00945502902
4318002 1328400 3.25052845528
4319586 1439856 3.00001250125
4319946 1439964 3.00003750094
4320655 3456520 1.25000144654
4321404 1440432 3.00007497751
4322178 1234872 3.50010203487
4327164 1442376 3.00002495882
4341726 1447236 3.0000124375
4349916 1449936 3.00007448605
4361958 1453968 3.00003713974
4362714 1442736 3.02391705759
4404186 1468044 3.00003678364
4408104 1444800 3.05101328904
4410066 1406064 3.13646178268
4410162 1464120 3.01215883944
4416249 2944164 1.50000101896
4416700 1704640 2.59098695326
4417326 1472436 3.00001222464
4420239 2932440 1.50735871834
4428639 2934864 1.5089758844
4432509 2935440 1.50999816041
4435621 4416352 1.0043631033
4441356 1465344 3.03093062107
4441608 1480464 3.0001459002
4448214 1442448 3.08379504842
4452816 1484256 3.00003233943
4463881 4388164 1.01725482457
4468813 4314688 1.03572100694
4480325 3584240 1.25000697498
4482169 4218496 1.06250402987
4482393 2983344 1.50247272859
4493617 4417396 1.0172547356
4500212 2250104 2.0000017777
4508703 3005748 1.50002694837
4509180 1059840 4.25458559783
4510332 1503432 3.00002394521
4519638 1439856 3.13895139514
4522306 2035264 2.22197513443
4531986 1489536 3.04254882057
4540176 1474560 3.07900390625
4541301 3015144 1.50616388471
4557067 4505776 1.01138338879
4562431 4465312 1.02174965602
4573122 1524372 3.00000393605
4589703 3059748 1.50002647277
4591206 1524096 3.01241260393
4591368 1493856 3.07350106034
4600951 4591600 1.002036545
4609710 1049760 4.3912037037
4617204 1472064 3.13655112821
4617800 1678400 2.75131077216
4622445 2444256 1.89114601744
4623120 1232640 3.75058411215
4623603 3036264 1.5227934725
4631058 1543680 3.00001166045
4642063 4636240 1.00125597467
4659618 1546896 3.01223740963
4661598 1548696 3.01001487703
4671342 1437264 3.25016280934
4673916 1437696 3.2509765625
4680027 2764800 1.69271809896
4680423 2643840 1.7703125
4681638 1364688 3.43055555556
4690188 1480896 3.1671285492
4690432 2344960 2.00021834061
4695192 1564992 3.00013801987
4696009 4690960 1.00107632553
4700635 3760504 1.25000132961
4703196 1479360 3.17920992862
4704102 1447200 3.25048507463
4709823 3072984 1.53265457939
4716423 3144276 1.50000286234
4716432 1347264 3.50074818298
4734801 3047184 1.55382838713
4750164 1574640 3.01666666667
4753512 1553472 3.05992769744
4756014 1574640 3.02038180155
4763151 3175416 1.50000850282
4766767 4676776 1.01924210182
4768173 3178764 1.50000849387
4776469 4674796 1.02174918435
4780152 1470528 3.25063650607
4780232 2387024 2.00259067358
4781823 3182784 1.50240261356
4781943 3187944 1.50000846941
4783023 2733048 1.75006915356
4791384 1473984 3.25063501368
4792170 1277904 3.75002347594
4808110 1810048 2.65634392016
4809010 1908400 2.51991720813
4812300 1283040 3.75070145903
4813020 1283040 3.75126262626
4813056 1603584 3.00143678161
4814305 3851440 1.25000129822
4815639 3154968 1.52636698692
4820104 2410048 2.00000331944
4827255 2574528 1.87500582631
4827841 4817284 1.00219148383
4829163 3198624 1.50976263543
4829301 3219480 1.50002515934
4834017 3147480 1.53583724122
4836985 3869584 1.25000129213
4839109 4399180 1.10000250047
4839210 1290384 3.75020924004
4839502 2359840 2.0507754763
4852035 2558304 1.89658265789
4853142 1345248 3.60761881824
4861539 3169584 1.53380979965
4862106 1620648 3.00009996002
4871556 1584576 3.07435932388
4873158 1538784 3.16688892008
4880190 1049088 4.65184045571
4880610 1088640 4.48321759259
4881843 3184488 1.53300718985
4884381 3184488 1.53380417825
4886107 4871680 1.00296140141
4894315 3915448 1.25000127699
4901100 1190400 4.1171875
4910682 1402968 3.50020955574
4919562 1469952 3.34675009796
4927167 2794176 1.76337031025
4932117 3174192 1.55381810552
4962156 1646592 3.01359170942
4975104 1597440 3.11442307692
4994305 3995440 1.25000125143
5000218 2500108 2.00000079997
5000824 2500408 2.00000319948
5002198 2501098 2.00000079965
5004212 2502104 2.00000159865
5004225 2550240 1.96225649351
5010633 3315600 1.51122964169
5012025 2515200 1.99269441794
5012026 2506012 2.00000079808
5014896 1659840 3.02131289763
5016276 1672056 3.00006459114
5019210 1105920 4.53849283854
5019226 2509612 2.00000079694
5020196 2510096 2.00000159356
5020198 2510098 2.00000079678
5020412 2510204 2.0000015935
5020605 2505600 2.00375359195
5021264 2510624 2.00000637292
5021992 2510992 2.00000318599
5023647 3270456 1.53606928208
5030259 3095520 1.62501259885
5032437 3304752 1.52278809424
5032618 2516308 2.00000079482
5034063 3356040 1.50000089391
5038923 3359280 1.50000089305
5041609 4956100 1.01725328383
5042106 1520640 3.31577888258
5043810 1345008 3.7500223047
5050429 5045920 1.00089359324
5060130 1305600 3.87571231618
5062138 2531068 2.00000079018
5063218 2531608 2.00000079001
5080024 2540008 2.0000031496
5082363 2835360 1.79249301676
5082523 5025328 1.01138134665
5083416 1563840 3.2505985267
5102809 5091280 1.00226446002
5103468 1543680 3.30604011194
5104428 1458240 3.50040322581
5104512 1451520 3.51666666667
5108964 1459680 3.50005754686
5117643 3411756 1.50000263794
5118523 5113528 1.0009768207
5120636 2560316 2.00000156231
5121360 1365120 3.75158227848
5123266 2561632 2.00000078075
5126398 2563198 2.00000078028
5126976 1596672 3.21103896104
5133921 3159312 1.62501234446
5136021 3112560 1.65009541985
5143170 1371504 3.7500218738
5152230 1235520 4.17009032634
5154084 1585440 3.25088555858
5162076 1720656 3.00006276676
5165521 5151652 1.00269214613
5177922 1725972 3.0000034763
5182776 1727568 3.00004167709
5192632 2596312 2.00000308129
5193072 1730592 3.00074887668
5196726 1725696 3.01137975634
5199226 2599612 2.00000076935
5202705 2755200 1.88832208188
5203143 3153240 1.65009418883
5203431 3453120 1.50687812761
5209425 2545920 2.04618566176
5210026 2605012 2.00000076775
5210206 2605102 2.00000076772
5210638 2605318 2.00000076766
5211864 1485216 3.50916230366
5219026 2609512 2.00000076643
5221906 2610952 2.000000766
5230618 2615308 2.00000076473
5248195 4198552 1.25000119089
5251674 1647552 3.18756191003
5254657 5247556 1.00135320138
5257818 1752588 3.00003081158
5260312 2630152 2.00000304165
5261130 1201536 4.37867030201
5263018 2631508 2.00000076002
5266005 2605056 2.02145558483
5267829 2952768 1.78403078061
5271732 1757232 3.00002048677
5274318 1385472 3.80687448032
5276178 1758672 3.00009211496
5296113 3511296 1.50830718914
5300602 2650300 2.00000075463
5306218 2653108 2.00000075383
5308401 3005184 1.76641463551
5311602 1613520 3.29193440428
5314734 1735344 3.06264002987
5323419 3394512 1.56824279896
5339203 5333920 1.00099045355
5340663 3560436 1.50000252778
5341923 3493152 1.52925581252
5354043 3534504 1.51479330622
5358861 3518856 1.52289863524
5364093 3045936 1.76106556408
5365287 3576852 1.50000251618
5369997 3579996 1.50000083799
5371092 1790352 3.00002010778
5374269 3497256 1.53671020938
5380657 5375860 1.00089232234
5384469 3589644 1.50000083574
5389413 3539184 1.52278406548
5390062 2695030 2.00000074211
5390523 3509352 1.53604511602
5394621 3596412 1.50000083416
5394663 3596436 1.50000250248
5396841 3569184 1.5120657831
5396997 3597996 1.5000008338
5399062 2699530 2.00000074087
5403618 1635480 3.30399515738
5403861 3584160 1.5077064082
5406231 3604152 1.50000083237
5407233 3327504 1.6250117205
5419231 5413912 1.00098246887
5428966 2569864 2.11254992482
5429023 5423920 1.00094083246
5433363 3343536 1.62503499289
5433867 3347568 1.62322826601
5444935 4355944 1.25000114786
5451726 1557624 3.50002696415
5456218 2554816 2.13565986748
5458194 1559448 3.50008079782
5461230 1456320 3.75002059987
5462931 3641952 1.50000082373
5463261 3642156 1.50000741319
5470146 1657440 3.30035838401
5470832 2735408 2.00000584922
5491710 1197504 4.58596380471
5498683 5493688 1.00090922528
5503923 3509352 1.56835877393
5504047 5475040 1.00529804348
5512140 1451520 3.79749503968
5513422 2545312 2.16610851636
5514726 1575624 3.50002665611
5518086 1565088 3.52573529412
5521230 1235520 4.46875
5524009 5509204 1.00268732107
5525431 5515432 1.00181291329
5528637 3685752 1.50000244184
5536287 3655728 1.51441436562
5552467 5547256 1.00093938336
5563143 3513456 1.58338200336
5567184 1584576 3.51335877863
5576479 5547976 1.00513754926
5581206 1852560 3.01269918383
5582637 3525768 1.5833818334
5592751 5551792 1.00737761789
5597269 5579296 1.00322137417
5598403 5593408 1.00089301549
5600718 1756800 3.18802254098
5604831 3615840 1.55007716049
5607018 1857600 3.01842054264
5610462 1566240 3.58212151394
5617782 1872576 3.00002883728
5621890 2150896 2.61374329582
5629473 3752964 1.50000719431
5632110 1365120 4.12572521097
5633307 3533760 1.59413966993
5634483 3685344 1.52888929772
5637018 1873056 3.00952988058
5640217 5127460 1.10000214531
5641747 5447176 1.03571960957
5646337 5634736 1.00205883647
5652837 3768552 1.50000238819
5656507 5560576 1.01725198972
5657733 3753576 1.50729144688
5678973 3785976 1.50000237719
5687439 3785496 1.50242900798
5689818 1896588 3.00002847218
5696712 1596672 3.56786616162
5697108 1709568 3.33248399596
5700318 1735008 3.28547072982
5703168 1837056 3.10451505017
5719086 1859760 3.07517421603
5721480 1457280 3.92613636364
5725818 1578528 3.62731481481
5731446 1637544 3.50002564817
5736669 3796656 1.51097939871
5760367 5637760 1.02174746708
5761530 1535760 3.75158227848
5762420 2204576 2.61384502054
5763150 1535760 3.7526371308
5782240 2275840 2.54070584927
5786883 3857868 1.50002099605
5786973 3857976 1.50000233283
5787063 3775680 1.53272072845
5790312 1753920 3.3013546798
5796547 5757496 1.00678263606
5809164 1869504 3.10732900277
5813316 1835136 3.16778483992
5834289 3889524 1.5000007713
5834529 3854592 1.5136566983
5834610 1543680 3.77967583955
5840361 3810456 1.53271970599
5843259 3895452 1.50002079348
5845003 5835400 1.00164564554
5845170 1558704 3.75001924676
5847003 3570480 1.63759578544
5861032 2815360 2.08180552398
5861280 1562880 3.75030712531
5862049 5849620 1.0021247534
5863833 3833568 1.52960192698
5881716 1857168 3.16703496937
5886043 5683048 1.03571938861
5886817 5881876 1.00084003811
5889018 1958880 3.00631891693
5890126 2519680 2.33764843155
5891166 1956816 3.01058760762
5892231 3928152 1.50000076372
5893164 1954368 3.01538093133
5896134 1935648 3.04607759262
5896233 3368952 1.7501683016
5900002 2950000 2.00000067797
5902126 2951062 2.00000067772
5903463 3935640 1.50000076226
5904018 1958400 3.01471507353
5912026 2956012 2.00000067659
5913624 1945632 3.03943602901
5917722 1972572 3.00000304171
5918670 1578096 3.75051327676
5919226 2959612 2.00000067576
5922106 2961052 2.00000067544
5922837 3927528 1.5080317696
5936409 3905496 1.5200141032
5939697 3959796 1.50000075761
5942010 1459200 4.07210115132
5946231 3964152 1.50000075678
5949483 3958944 1.50279544242
5966307 3965760 1.50445488381
5967238 2793856 2.13584307853
5967421 5961472 1.0009979079
5967612 1596672 3.73753156566
5967873 3978576 1.50000226212
5969937 3979956 1.50000075378
5976144 1947456 3.06869269447
5978041 5910784 1.01137869359
5978673 3775896 1.5833786206
5984379 3979584 1.50376999204
5987016 1709568 3.50206367925
5988120 1580928 3.78772467816
5990002 2995000 2.00000066778
5993062 2996530 2.00000066744
5993697 3995796 1.50000075079
5999024 2999504 2.00000533422
5999902 2999950 2.00000066668
6000543 4000356 1.5000022498
6001230 1600320 3.75001874625
6002046 2000664 3.00002699104
6006039 3696000 1.62501055195
6006150 1600560 3.75253036437
6008112 1820160 3.30087025316
6010452 1520640 3.95258049242
6012030 1603200 3.75001871257
6013200 1603200 3.75074850299
6017814 1817640 3.31078431373
6017841 4011876 1.50000673002
6018163 6013168 1.00083067694
6020082 2006208 3.00072674419
6021135 3211056 1.87512612673
6023979 3706992 1.62503156198
6025003 6005320 1.00327759387
6025371 3651720 1.65000903684
6026895 2560896 2.35343215812
6028575 2755680 2.18769051559
6029064 2009664 3.00003582688
6029100 1209600 4.984375
6038169 3986160 1.51478340057
6039180 1380096 4.37591297997
6041880 1486080 4.06564922481
6048513 4031856 1.50018081003
6049188 1988064 3.0427531508
6051236 3025616 2.00000132204
6051238 3025618 2.00000066102
6052318 3026158 2.0000006609
6053043 4035360 1.50000074343
6053902 3026950 2.00000066073
6054231 4036152 1.50000074328
6054963 3950664 1.53264438586
6059943 4039956 1.50000222775
6066357 3676560 1.65000897578
6073902 2007936 3.02494800631
6077331 3701376 1.6419112784
6082965 2695680 2.25656049679
6083535 3053568 1.99227100887
6090018 1809600 3.36539456233
6090381 3691080 1.65002682142
6092841 4061892 1.50000073857
6093477 3749760 1.625031202
6105138 1813056 3.36731904585
6105238 3052618 2.00000065518
6106194 1964160 3.10880681818
6107013 3701160 1.65002674837
6107043 4071360 1.50000073685
6107421 4071612 1.50000073681
6107463 4071636 1.50000221041
6108523 6051328 1.00945164433
6123690 1632960 3.75005511464
6123960 1632960 3.75022045855
6124304 3062144 2.0000052251
6128340 1634208 3.75003671503
6128580 1562880 3.92133753071
6130602 2036160 3.0108645686
6132150 1635120 3.75027520916
6134220 1602432 3.82806883537
6134850 1635840 3.75027508803
6135840 1635840 3.75088028169
6135912 1921536 3.19323291367
6138060 1636800 3.75003665689
6139503 3951360 1.55376958819
6140898 1946880 3.15422522189
6152490 1640592 3.75016457474
6164100 1641600 3.75493421053
6164730 1376640 4.47809884937
6168372 1762368 3.50004766314
6173037 3701376 1.66776814893
6173982 1967328 3.13825757576
6175026 1726560 3.57649082569
6178452 1765248 3.50004758538
6179841 4119876 1.5000065536
6180174 1481760 4.17083333333
6180642 1866240 3.31181520062
6181500 1516800 4.07535601266
6184231 6148312 1.00584209129
6197400 1497600 4.13822115385
6201672 2067216 3.00001160982
6207147 4127760 1.50375675911
6208164 2068416 3.00140977444
6209568 2069568 3.00041747843
6210538 3105268 2.00000064407
6210702 2070216 3.00002608423
6213789 3897216 1.5944173995
6217460 2476160 2.51092821142
6219783 3928176 1.58337686499
6227251 6212752 1.00233374839
6228511 5862112 1.06250289998
6228702 2076228 3.00000866957
6235803 3563280 1.75001768034
6239451 4159632 1.50000072122
6241071 4160712 1.50000072103
6244419 4162944 1.50000072064
6245391 4163592 1.50000072053
6246180 1620864 3.85361140725
6248041 6142084 1.01725098517
6250932 2029536 3.07998084291
6251940 1629504 3.836713503
6253018 3126508 2.00000063969
6257916 1692576 3.69727326867
6261024 1626240 3.85
6263197 6192736 1.01137800804
6267402 2076624 3.01807260245
6281574 1865472 3.36728399033
6283041 4163280 1.50915648239
6289002 2096280 3.00007727975
6290586 2096856 3.00000858428
6292008 2028960 3.10110007097
6294132 1936224 3.25072512271
6298902 2099628 3.00000857295
6300327 3763200 1.67419403699
6301032 2100336 3.00001142674
6302052 2032560 3.10054906128
6303150 1330560 4.73721590909
6305103 3513600 1.79448514344
6305218 3152608 2.0000006344
6309126 2093616 3.01350677488
6321855 3255168 1.94209791937
6325192 3162592 2.00000252957
6325196 3162596 2.00000126478
6325912 3162952 2.00000252928
6325916 3162956 2.00000126464
6331050 1533600 4.12822769953
6337107 3317760 1.91005588108
6349032 2094336 3.0315250275
6363855 3358656 1.89476236923
6380154 1845360 3.45740343348
6381522 1823256 3.50006910714
6384607 6376480 1.00127452764
6388335 3358368 1.90221411114
6391008 1963008 3.25572183099
6391902 1936920 3.30003407472
6395403 3495360 1.82968363774
6398145 3149568 2.03143573976
6400393 6390340 1.00157315573
6401700 1706400 3.75158227848
6402303 4036032 1.58628648138
6403683 3368640 1.90096982759
6406821 4216680 1.5193993853
6409143 3944016 1.62502966519
6413400 1463040 4.38361220472
6420679 6042976 1.06250281318
6429132 2142936 3.00015119444
6429180 1692480 3.798674135
6438621 3661824 1.75830979315
6444219 4296144 1.5000006983
6450120 1520640 4.24171401515
6450523 6435520 1.00233128015
6451380 1586304 4.06692538126
6453260 2346560 2.75009375426
6460710 1667040 3.87555787504
6461793 3976416 1.62502942348
6462171 4216176 1.53270902353
6468273 3648672 1.77277458758
6480162 1866240 3.47230902778
6482106 2160648 3.00007497751
6482815 5186248 1.25000096409
6484507 6475840 1.00133835919
6487110 1481760 4.37797619048
6501238 3250618 2.00000061527
6502138 3251068 2.00000061518
6503218 3251608 2.00000061508
6512058 1860552 3.50006772184
6512392 3256192 2.00000245686
6517098 1859760 3.50426829268
6519236 3259616 2.00000122714
6520140 1520640 4.28776041667
6521038 3260518 2.0000006134
6523184 3261584 2.00000490559
6530218 3265108 2.00000061254
6530824 3265408 2.00000244992
6534063 4356036 1.5000020661
6539024 3269504 2.00000489371
6542391 4361592 1.50000068782
6548937 4357968 1.50275013493
6564309 4356960 1.5066259502
6574923 4352976 1.51044320024
6580341 4358016 1.50993961472
6581439 4359168 1.50979246498
6590043 4350096 1.5149189811
6590343 4393560 1.50000068282
6592312 3296152 2.00000242707
6593043 4395360 1.50000068254
6599302 3299650 2.00000060612
6613245 3526416 1.87534454245
6620975 5296760 1.25000471987
6629983 6239968 1.06250272437
6630471 4316760 1.53598323743
6636841 6631684 1.00077763054
6640170 1760640 3.77145242639
6640351 6635104 1.00079079393
6641847 4416768 1.50377991328
6643917 3796416 1.7500497838
6644190 1464960 4.53540711009
6652710 1760256 3.77939913285
6690301 6639100 1.00771203928
6693015 3059616 2.18753431803
6706092 2069760 3.24003362709
6706935 3576960 1.87503774155
6711894 1917648 3.50006570549
6713802 2081376 3.22565552788
6721740 1770624 3.79625487964
6722046 2240676 3.00000803329
6722082 2227680 3.0175258565
6729156 1796256 3.74621212121
6730942 3279640 2.05234172043
6733083 3833760 1.7562609553
6740325 3467520 1.94384603405
6740451 4451760 1.51410925117
6742224 2247264 3.00019223376
6744320 2447360 2.75575313808
6749683 6743968 1.00084742395
6776343 3737664 1.81298880798
6805413 4508136 1.50958467091
6808219 6189280 1.10000177727
6811200 1612800 4.22321428571
6812064 1866240 3.65015432099
6823173 3832176 1.7804957288
6827052 2275680 3.00000527315
6827373 3877632 1.76070679219
6827461 6786412 1.00604870438
6835401 4538160 1.50620537839
6838641 4186368 1.63354989337
6840723 4327680 1.58069057786
6848010 1684800 4.06458333333
6852204 2284056 3.00001576143
6854355 3655584 1.8750369298
6854922 2284956 3.00002363284
6893397 3938976 1.75004798201
6899013 3991680 1.72834821429
6907021 6279100 1.10000175184
6916212 2169216 3.18834638874
6916401 4610916 1.50000585567
6924021 4260912 1.62500915297
6928491 4618992 1.50000064949
6929118 1891296 3.66368775697
6935229 3962952 1.75001589724
6956733 3956736 1.75819994056
6964713 3741696 1.86137863685
6978150 1859760 3.75217770035
6980160 1689600 4.13125
6980209 6809920 1.02500602063
6982362 2326968 3.00062656642
6984673 6937648 1.00677823378
7018650 1870560 3.75216512702
7020324 2340072 3.00004615243
7021362 2310672 3.03866667359
7021836 2308176 3.04215796369
7026037 7020736 1.00075504904
7026234 2342076 3.00000256183
7032132 2331072 3.01669446504
7036245 3752640 1.87501199156
7041258 1854720 3.79639945652
7042002 2040720 3.45074385511
7042032 2347200 3.00018404908
7042344 2347440 3.0000102239
7042836 2347608 3.00000511159
7043922 2347920 3.00006899724
7046469 4697640 1.50000191586
7053921 3719520 1.8964600271
7060635 3765600 1.87503585086
7061427 4707612 1.5000019118
7065979 7059976 1.00085028618
7072218 2177280 3.24818948413
7083441 4371840 1.62024250659
7086180 1867008 3.79547382764
7096473 4730976 1.50000190236
7120260 1627200 4.37577433628
7123456 3561472 2.00014376078
7124526 2271456 3.13654589831
7128000 1728000 4.125
7128670 2781760 2.5626473887
7132248 2237184 3.18804711637
7132572 2377512 3.00001514188
7135628 3567812 2.00000112114
7142058 1854720 3.85074728261
7142536 3571264 2.0000022401
7142697 4761792 1.50000189004
7148005 5718400 1.25000087437
7151040 1751040 4.08388157895
7152543 4735152 1.51052025363
7163079 3719760 1.92568310859
7164630 1736640 4.12557006633
7167483 4778316 1.50000188351
7181820 1801728 3.98607336957
7183467 4773168 1.50496839835
7191060 1917600 3.75003128911
7194267 4796172 1.5000018765
7198632 1967328 3.65909090909
7202538 2057832 3.50006122949
7206280 2867200 2.51335100446
7206505 5765200 1.25000086727
7206849 4289760 1.68001216851
7224372 2374272 3.04277353227
7235910 1753920 4.12556444992
7236907 7209736 1.00376865394
7239571 7175392 1.0089443197
7241328 2413728 3.00005965875
7243086 2368704 3.05782655832
7245396 2379456 3.04498002905
7250832 2358720 3.07405372405
7251048 2071584 3.50024329209
7251402 2410752 3.0079419202
7253802 2358720 3.07531288156
7254693 4653792 1.55887779256
7256403 3654720 1.98548808117
7260939 3967920 1.82991063328
7270434 2377440 3.05809357965
7276201 7270612 1.00076871108
7281270 1827072 3.98521240542
7284159 4789152 1.52097051837
7285410 1758240 4.14358108108
7298241 4782912 1.52589907571
7304805 3875040 1.88509150873
7305264 2405376 3.03705699234
7310182 3178120 2.30015921362
7312309 7133920 1.02500574719
7320159 3795120 1.92883466135
7324002 2034720 3.59951344657
7324164 2441376 3.00001474578
7328352 2335872 3.13730889364
7332795 3773952 1.9430016598
7340416 3670144 2.00003487602
7341426 2447136 3.00000735554
7342635 3745632 1.96031938001
7354122 2451372 3.00000244761
7357291 7351792 1.0007479809
7361640 1647360 4.46875
7366905 3096576 2.37904866536
7380349 7338940 1.00564236797
7384905 3579840 2.06291482301
7390422 2273904 3.25010290672
7401489 4917840 1.50502842711
7402506 2467500 3.00000243161
7407151 7151704 1.03571834069
7414362 2471436 3.00002184965
7422678 2472768 3.00176886792
7424331 4734312 1.56819639263
7424892 2474928 3.00004363763
7425117 4177152 1.77755489865
7426390 2947360 2.51967523479
7428618 2476188 3.00002180771
7430589 4953708 1.50000545046
7432428 2474328 3.00381679389
7435026 2370456 3.1365382863
7441209 4741920 1.56923967507
7449027 4794720 1.55358957353
7450243 7345240 1.01429538041
7456347 4754376 1.56831243469
7457382 2377584 3.1365377627
7462584 2487456 3.00008683571
7463824 3726448 2.00293255132
7464042 2474064 3.01691548804
7464582 2467584 3.02505689776
7466355 3675456 2.03140916392
7478100 1707840 4.37868887015
7480843 7430488 1.00677680928
7481290 2971840 2.51739326478
7485642 2456784 3.04692720239
7486452 2467584 3.03391981793
7492392 2497392 3.00008649023
7492806 2489760 3.00944910353
7498629 4969728 1.50886104833
7499682 2499876 3.00002160107
7507321 7501732 1.00074502795
7508491 7501984 1.00086737055
7521042 2501472 3.00664648655
7522038 2507328 3.00002153687
7522146 2461752 3.05560673862
7523658 2375568 3.16709856338
7526028 2508672 3.00000478341
7526208 2508672 3.00007653452
7529208 2509728 3.00000956279
7536282 2273856 3.31431805708
7541262 2461752 3.06337193998
7542260 2742560 2.75008021702
7554402 2507544 3.01266976771
7556301 5037516 1.50000535978
7581420 1572480 4.82131410256
7600521 5067012 1.50000059206
7600563 5067036 1.50000177619
7604259 4679520 1.62500833419
7610526 1762560 4.31788194444
7614810 1617408 4.70803285256
7617042 2470176 3.08360294975
7624206 2406672 3.1679456112
7631220 2021376 3.7752600209
7635501 5075136 1.50449189933
7652052 2550672 3.00001411393
7663057 7630756 1.00423300129
7664526 2466576 3.10735448654
7665883 7658368 1.00098127956
7665937 7657396 1.00111539223
7680643 7346680 1.04545767612
7682040 2047680 3.75158227848
7683039 3908736 1.96560704023
7683514 3841756 2.0000005206
7684200 2047680 3.7526371308
7684287 4728768 1.62500824739
7692080 2796800 2.75031464531
7712082 2177280 3.54207175926
7715244 2571744 3.00000466609
7721352 2573712 3.00008392547
7724619 4219776 1.83057560401
7725024 2574720 3.00033557047
7732152 2577312 3.00008380825
7761429 4776192 1.6250244965
7773264 2477376 3.13770053476
7780363 7733608 1.00604569045
7796280 2078976 3.75005772072
7802406 2600748 3.00006228977
7812000 1728000 4.52083333333
7819560 1709568 4.57399764151
7820145 4170528 1.87509711001
7821000 1872000 4.17788461538
7821403 7481320 1.04545761978
7836192 1976832 3.96401515152
7841203 7834120 1.00090412197
7842105 4158720 1.88570161011
7860582 2576880 3.05042609668
7865019 5179680 1.51843723937
7873695 3977856 1.97938160657
7895292 2599728 3.03696848286
7902709 7709920 1.02500531782
7902889 7889920 1.0016437429
7923571 7913752 1.00124075154
7924057 7457920 1.06250227946
7962642 2642976 3.01275607497
7982214 2481792 3.21631063361
8005824 2580480 3.10245535714
8009352 2395008 3.34418590669
8013222 2032128 3.94326636905
8021430 2138400 3.75113636364
8027856 2675808 3.00016144656
8028534 2583840 3.10721019877
8032236 2633280 3.05027798031
8036424 2384640 3.37007850242
8040483 4838400 1.6618061756
8043822 2488320 3.23263165509
8043865 6435088 1.25000077699
8044587 5047488 1.59378031211
8046027 4876200 1.65006090808
8049609 4989600 1.61327741703
8050024 4025008 2.00000198757
8056371 5038176 1.59906501877
8062248 2642880 3.05055394116
8064273 4327680 1.86341711957
8067357 5378076 1.50004518344
8073439 7339480 1.10000149874
8080632 2308608 3.50021831337
8085067 8058760 1.003264398
8087469 4976880 1.62500783623
8113602 2318160 3.50001811782
8121960 1681920 4.82898116438
8123821 8112832 1.00135452084
8124006 2461800 3.30002680965
8124811 8111824 1.00160099627
8125740 1857024 4.37567850496
8126467 7846216 1.03571798176
8137224 2712384 3.00002654491
8140230 1804032 4.51224257663
8142345 4153248 1.96047647528
8149590 1995840 4.08328823954
8152092 2508192 3.25018658859
8152776 2717568 3.00002649428
8159643 4935168 1.65336681548
8161207 7681120 1.06250221322
8162568 2681856 3.04362650344
8164539 4935168 1.65435887897
8179261 7698112 1.06250220833
8180472 2714880 3.01319837341
8188290 1982880 4.12949346405
8204104 4102048 2.00000195025
8204586 2508864 3.27023943904
8205732 2735208 3.00003948511
8207396 3829760 2.14305752841
8210880 2188800 3.75131578947
8211051 5018112 1.63628292872
8213040 1843200 4.455859375
8217324 2483712 3.30848504174
8218800 2188800 3.75493421053
8230059 5093280 1.61586620017
8243640 2064384 3.9932686942
8249796 2749896 3.00003927421
8252341 8245132 1.00087433409
8257302 2752380 3.00005885815
8258307 5327880 1.55001745535
8259606 2658096 3.10733923831
8270082 2728800 3.03066622691
8270539 7985320 1.03571791738
8271576 2757168 3.00002611375
8275122 2758212 3.0001762011
8276958 2758968 3.00001957254
8280673 8273860 1.0008234367
8283795 3898752 2.12472991357
8285910 2195808 3.77351298474
8287335 3788352 2.18758314961
8293656 2369568 3.500070899
8296207 8269720 1.00320288958
8304975 3795840 2.18791492792
8312499 4891392 1.6994137865
8315674 4157836 2.00000048102
8316907 8310976 1.0007136346
8319823 8313928 1.00070905112
8320305 3803520 2.18752760601
8326170 2187360 3.80649275839
8333410 3313408 2.51505700475
8351674 4175836 2.00000047895
8352549 5548392 1.5053999429
8352567 5568372 1.50000161627
8355429 5529384 1.51109581103
8356714 4178356 2.00000047866
8357265 3725568 2.24321902056
8357821 8351872 1.0007122954
8358246 2458368 3.39991652999
8366965 6693568 1.25000074699
8367471 4781376 1.75001317612
8371969 8193796 1.02174486648
8374206 2783064 3.0089879356
8375026 3675280 2.27874502079
8382240 2234880 3.7506443299
8392662 2632896 3.18761622183
8395272 2798352 3.00007718829
8402893 8394208 1.00103464198
8402904 2800944 3.00002570562
8420688 2806848 3.0000513031
8424066 2406864 3.50001745009
8425092 2540928 3.31575392927
8427924 2792448 3.01811313944
8428921 8418292 1.00126260766
8434051 8413504 1.00244214539
8434755 3855744 2.1875816963
8437062 2743680 3.0750896606
8450472 2780544 3.03914341942
8456019 4519680 1.87093311916
8461572 2417568 3.50003474566
8463152 4231568 2.0000037811
8467236 2673648 3.1669224969
8467851 4817568 1.75770243409
8472024 2427840 3.48953143535
8480025 4250880 1.99488694106
8480862 2608848 3.25080725286
8481507 5471880 1.55001699599
8488563 5634888 1.506429764
8502633 5368032 1.58393858308
8524818 2841588 3.00001900346
8525034 2305584 3.69755949035
8525367 5683572 1.50000158351
8536179 5398176 1.5813080196
8536302 2835360 3.01065896394
8536428 2845368 3.00011386928
8542701 5417280 1.57693547315
8547093 5397840 1.58342837135
8548032 2835840 3.01428571429
8549679 5699784 1.50000052634
8551269 5689152 1.50308323631
8551602 2850516 3.00001894394
8554752 2755584 3.10451505017
8560479 5706984 1.50000052567
8562924 2854296 3.00001261257
8562942 2854296 3.00001891885
8563248 2854368 3.000050449
8565822 2855268 3.00000630414
8570286 2856708 3.00005670863
8572446 2857464 3.00001889788
8578287 5277888 1.62532569846
8579401 8571904 1.00087460149
8588043 5388480 1.59377839391
8598762 2857896 3.00877358728
8605795 5985760 1.4377113349
8609274 2869740 3.00001881704
8610072 2870016 3.00000836232
8610528 2850816 3.02037311422
8612022 2862120 3.00896608109
8614305 3548160 2.42782315341
8617527 5727168 1.50467508549
8624502 2825064 3.05285189999
8628507 5706288 1.51210506725
8628534 2854368 3.02292276259
8635257 5756832 1.50000156336
8637154 4318576 2.00000046312
8642106 2618640 3.3002268353
8642808 2880864 3.00007497751
8642916 2841696 3.04146397081
8649405 4548096 1.90176394694
8649459 4459968 1.93935449761
8652537 5768352 1.50000156024
8654049 5448960 1.58820196882
8654979 5769984 1.50000051993
8658945 4589568 1.88665795996
8662957 8629756 1.00384726984
8663220 2263680 3.82705152672
8670216 2876160 3.01451101469
8670222 2627280 3.30007536311
8670573 5780376 1.50000155699
8682397 8382976 1.03571774511
8682507 5762880 1.50662637431
8687928 2769888 3.1365629224
8690652 2896560 3.00033557047
8691480 1986048 4.37626885151
8692857 5782968 1.5031826218
8695602 2695680 3.2257545406
8695782 2898576 3.00001862984
8696005 6956800 1.25000071872
8698410 1988064 4.37531689121
8699605 6959680 1.25000071842
8699751 5799816 1.50000465532
8700462 2867040 3.03464967353
8700989 7909880 1.10001529732
8705202 2572800 3.38355177239
8705509 8557900 1.01724827353
8705673 5803776 1.50000155071
8712900 1987200 4.38451086957
8721130 3171280 2.75003468631
8721421 8712412 1.00103404201
8724096 2907648 3.00039619651
8725428 2885472 3.02391705759
8725806 2857680 3.05345804989
8727181 8711872 1.00175725722
8735022 2758320 3.16679065518
8752092 2905728 3.01201351262
8757843 5783784 1.51420644339
8769067 8760976 1.00092352724
8807571 5871708 1.50000153277
8814294 2918448 3.02019909212
8820657 5880276 1.50004132459
8825463 5883624 1.50000458901
8844057 5784480 1.52892861588
8845953 5853984 1.51109962036
8853129 5889312 1.50325352095
8854689 5689488 1.55632440037
8860777 8777860 1.00944615202
8896428 2884896 3.08379504842
8902251 5821920 1.52909194905
8905257 5798520 1.53578102688
8910657 5091768 1.75001237291
8925546 2549568 3.50080719557
8932410 2381904 3.75011335469
8936424 2386944 3.74387668919
8942064 2964480 3.01640220207
8942406 2689440 3.32500669284
8943642 2694384 3.3193642777
8954268 2854896 3.13646031239
8957628 2985768 3.00010851479
8957682 2985876 3.00001808514
8957961 5971968 1.50000150704
8960274 2986740 3.00001807991
8967051 5978016 1.50000451655
8969112 2919168 3.07248914759
8976942 2749968 3.26438053097
8990701 8971900 1.00209554275
8995722 2998572 3.00000200095
8995761 5997168 1.50000150071
8996256 2998656 3.00009604303
9005463 5943600 1.51515293761
9018459 5901984 1.52803853755
9018889 8198980 1.10000134163
9022086 2962080 3.04586169178
9028458 2850984 3.16678662525
9029628 2928096 3.08378823645
9035622 2930256 3.08356061723
9036072 2937600 3.07600490196
9037692 2799360 3.2284850823
9039726 2990736 3.0225757138
9042615 4691520 1.92743822897
9043850 3594800 2.51581450985
9045681 5984160 1.51160413492
9050682 2985600 3.03144493569
9072408 2974080 3.05049225307
9080017 9070180 1.00108454297
9080809 8990800 1.01001123371
9085437 5793480 1.568217548
9085524 2595840 3.50003235947
9086832 3028896 3.00004754207
9087435 3907584 2.325589162
9126810 1892160 4.82348744292
9142284 2944128 3.10526036911
9145062 2945160 3.10511551155
9148032 3048192 3.00113378685
9148093 9093148 1.00604246186
9167403 4930176 1.85944741121
9172461 6114972 1.5000004906
9179251 9171592 1.00083507858
9184665 4198656 2.187525008
9202050 2059200 4.46875
9205374 3049752 3.01840084046
9206838 3068928 3.00001759572
9214020 2419200 3.80870535714
9216084 2916480 3.16000246873
9224550 2459520 3.75054888759
9242955 4929552 1.87500912862
9249300 2399040 3.85541716687
9254601 6145920 1.50581214855
9260331 6133920 1.50969217075
9265489 9249856 1.00169008036
9271545 4595712 2.01743386009
9274062 2649720 3.50001585073
9281466 2841696 3.26617132867
9281637 6173928 1.50336009749
9282330 2393280 3.87849729242
9287511 5978112 1.55358598166
9294048 2989440 3.10895953757
9330200 3392000 2.75064858491
9333280 3393280 2.7505186722
9350802 3090528 3.02563251328
9360642 2936640 3.18753473357
9376567 9365776 1.00115217362
9390762 2993760 3.13677849928
9401220 2419200 3.88608630952
9401607 6179040 1.52153198555
9406429 9246940 1.0172477598
9408204 2894400 3.25048507463
9415560 1954560 4.81722740668
9420732 2974320 3.16735657226
9421608 2691840 3.50006241084
9423246 2692344 3.50001559979
9436705 7549360 1.25000066231
9440262 2904624 3.2500805612
9475443 5943744 1.59418760297
9482220 2298240 4.12586152882
9503647 9450376 1.00563691857
9506025 5069520 1.8751331487
9520056 2509056 3.79427800735
9522300 2539200 3.75011814745
9523860 2539680 3.75002362502
9524367 6349572 1.50000141742
9536767 9356776 1.01923643357
9537721 9357712 1.01923643301
9538603 9335608 1.02174416492
9552807 5789520 1.65001709986
9581409 5901984 1.62342171717
9587316 3195768 3.00000375497
9590841 5901984 1.62501982384
9597312 3197952 3.00108069164
9601344 3144960 3.05293040293
9602550 2559600 3.75158227848
9605250 2559600 3.7526371308
9605763 6379560 1.50570932792
9606465 4656960 2.06281887755
9607134 3149760 3.05011619933
9608481 6198840 1.55004500842
9610128 2911680 3.30054401583
9611346 3191664 3.01139029672
9612702 2912760 3.30020393029
9618357 5398176 1.7817790676
9620675 7696520 1.25000324822
9620883 6389280 1.50578515889
9624573 5467392 1.76035905236
9635085 5093568 1.89161801708
9640208 4820096 2.00000331944
9644907 6099744 1.58119865358
9650781 5189760 1.85958136792
9652968 2969856 3.2503151668
9653649 6399456 1.50851087967
9656253 6365952 1.51685922231
9663700 3769600 2.56358764856
9686293 9636928 1.00512248302
9686403 6438960 1.50434278206
9687607 9677680 1.00102576237
9690649 9669940 1.00214158516
9693126 3219696 3.01057180554
9698472 2769984 3.50127365357
9701235 5173920 1.8750260924
9701325 5173920 1.87504348734
9702396 2939760 3.30040411462
9706467 6470976 1.50000046361
9720367 9677320 1.00444823567
9748269 6498792 1.50001246385
9749667 6499776 1.50000046155
9776527 9752776 1.00243530662
9780416 4890176 2.00001308746
9783650 3895760 2.51135850258
9784152 2791584 3.50487465181
9784629 6297984 1.5536128704
9792678 2797896 3.50001501128
9800989 8909980 1.10000123457
9804645 5098464 1.92305859176
9807425 7845920 1.25000318637
9810889 8918980 1.10000123332
9822078 2780928 3.53194257457
9824075 7859240 1.25000318097
9824104 4912048 2.00000162865
9834280 3849280 2.55483622911
9842104 4921048 2.00000162567
9843700 3907840 2.51896188176
9848203 9840328 1.0008002782
9852001 9812500 1.00402557962
9853020 2395008 4.11398208273
9860202 2829600 3.48466284987
9862155 5259168 1.87523102514
9863127 6391872 1.54307329684
9864651 6415968 1.53751561728
9866052 2596608 3.7995923913
9880189 8981980 1.10000122467
9886509 6590988 1.5000040965
9899802 2999880 3.30006600264
9923393 9339392 1.0625309442
9933012 3310992 3.00001087287
9944230 3929440 2.53069903091
9960021 6199200 1.60666231127
9966730 3976960 2.50611773817
9970632 2799360 3.56175411523
9983167 9973816 1.00093755489
minimum_ratio = 1.000709, argmin_n = 8319823.

Execution time = 331.119544 seconds.
